[-2.807000e-10 -2.983000e-10 -3.712000e-10 -5.608000e-10 -1.057400e-09
 -1.837200e-09 -4.053800e-09 -1.065160e-08 -2.478340e-08 -5.422120e-08
 -1.235926e-07 -2.566810e-07 -5.002060e-07 -7.732380e-07 -1.137580e-06
 -1.534435e-06 -1.983632e-06 -2.363700e-06 -2.837670e-06 -3.500260e-06
 -4.199410e-06 -4.916980e-06 -5.971680e-06 -7.105870e-06 -8.363990e-06
 -9.762630e-06 -1.124817e-05 -1.318367e-05 -1.546478e-05 -1.734228e-05
 -1.970227e-05 -2.207110e-05 -2.443150e-05 -2.757370e-05 -2.967040e-05
 -3.227800e-05 -3.383650e-05 -3.677800e-05 -3.876200e-05 -4.345210e-05
 -4.721940e-05 -5.208450e-05 -5.476570e-05 -5.670530e-05 -5.738920e-05][ 1.20000000e+00  1.15000000e+00  1.10000000e+00  1.05000000e+00
  1.00000000e+00  9.50000000e-01  9.00000000e-01  8.50000000e-01
  8.00000000e-01  7.50000000e-01  7.00000000e-01  6.50000000e-01
  6.00000000e-01  5.50000000e-01  5.00000000e-01  4.50000000e-01
  4.00000000e-01  3.50000000e-01  3.00000000e-01  2.50000000e-01
  2.00000000e-01  1.50000000e-01  1.00000000e-01  5.00000000e-02
 -1.11022302e-15 -5.00000000e-02 -1.00000000e-01 -1.50000000e-01
 -2.00000000e-01 -2.50000000e-01 -3.00000000e-01 -3.50000000e-01
 -4.00000000e-01 -4.50000000e-01 -5.00000000e-01 -5.50000000e-01
 -6.00000000e-01 -6.50000000e-01 -7.00000000e-01 -7.50000000e-01
 -8.00000000e-01 -8.50000000e-01 -9.00000000e-01 -9.50000000e-01
 -1.00000000e+00]