[-1.772000e-10 -1.717000e-10 -1.892000e-10 -3.125000e-10 -5.773000e-10
 -1.191400e-09 -2.463000e-09 -6.065400e-09 -1.509030e-08 -3.410710e-08
 -7.633650e-08 -1.690092e-07 -3.327040e-07 -5.511150e-07 -7.868140e-07
 -1.110996e-06 -1.466719e-06 -1.793981e-06 -2.224940e-06 -2.669680e-06
 -3.146570e-06 -3.661480e-06 -4.385880e-06 -5.319670e-06 -6.235030e-06
 -7.315070e-06 -8.545230e-06 -9.695340e-06 -1.119967e-05 -1.306760e-05
 -1.512796e-05 -1.701765e-05 -1.940919e-05 -2.086951e-05 -2.317300e-05
 -2.530330e-05 -2.711140e-05 -2.797200e-05 -2.889510e-05 -3.411750e-05
 -3.655810e-05 -3.909390e-05 -4.326110e-05 -4.588260e-05 -5.052980e-05][ 1.20000000e+00  1.15000000e+00  1.10000000e+00  1.05000000e+00
  1.00000000e+00  9.50000000e-01  9.00000000e-01  8.50000000e-01
  8.00000000e-01  7.50000000e-01  7.00000000e-01  6.50000000e-01
  6.00000000e-01  5.50000000e-01  5.00000000e-01  4.50000000e-01
  4.00000000e-01  3.50000000e-01  3.00000000e-01  2.50000000e-01
  2.00000000e-01  1.50000000e-01  1.00000000e-01  5.00000000e-02
 -1.11022302e-15 -5.00000000e-02 -1.00000000e-01 -1.50000000e-01
 -2.00000000e-01 -2.50000000e-01 -3.00000000e-01 -3.50000000e-01
 -4.00000000e-01 -4.50000000e-01 -5.00000000e-01 -5.50000000e-01
 -6.00000000e-01 -6.50000000e-01 -7.00000000e-01 -7.50000000e-01
 -8.00000000e-01 -8.50000000e-01 -9.00000000e-01 -9.50000000e-01
 -1.00000000e+00]