[ 4.094540e-07  3.758410e-07  3.089060e-07  2.457020e-07  1.847882e-07
  1.317266e-07  9.296740e-08  6.211890e-08  4.082950e-08  2.681890e-08
  1.768330e-08  1.196040e-08  7.890600e-09  3.642200e-09 -4.854100e-09
 -2.636850e-08 -8.278940e-08 -1.953644e-07 -4.107710e-07 -7.752900e-07
 -1.273587e-06 -1.957099e-06 -2.838110e-06 -3.900670e-06 -5.096810e-06
 -6.526860e-06 -8.132580e-06 -9.770480e-06 -1.168802e-05 -1.378138e-05
 -1.593645e-05][ 5.00000000e-01  4.50000000e-01  4.00000000e-01  3.50000000e-01
  3.00000000e-01  2.50000000e-01  2.00000000e-01  1.50000000e-01
  1.00000000e-01  5.00000000e-02  1.11022302e-16 -5.00000000e-02
 -1.00000000e-01 -1.50000000e-01 -2.00000000e-01 -2.50000000e-01
 -3.00000000e-01 -3.50000000e-01 -4.00000000e-01 -4.50000000e-01
 -5.00000000e-01 -5.50000000e-01 -6.00000000e-01 -6.50000000e-01
 -7.00000000e-01 -7.50000000e-01 -8.00000000e-01 -8.50000000e-01
 -9.00000000e-01 -9.50000000e-01 -1.00000000e+00]