[ 1.389029e-05  9.887800e-06  8.490720e-06  7.571100e-06  6.716420e-06
  5.988970e-06  5.323620e-06  4.685320e-06  4.099990e-06  3.600530e-06
  3.096130e-06  2.670170e-06  2.305760e-06  1.952971e-06  1.661799e-06
  1.324578e-06  1.055586e-06  7.437350e-07  4.956190e-07  3.096440e-07
  1.941581e-07  1.124593e-07  5.974740e-08  3.439030e-08  1.744132e-08
  8.712550e-09  4.333890e-09  2.137170e-09  8.672960e-10  3.270320e-10
  1.010691e-10  2.455770e-11 -2.209000e-11 -2.382870e-11 -3.628150e-11
 -4.590170e-11 -5.818500e-11 -5.833970e-11 -7.355000e-11 -8.761160e-11
 -1.107205e-10][ 1.0000000e+00  9.5000000e-01  9.0000000e-01  8.5000000e-01
  8.0000000e-01  7.5000000e-01  7.0000000e-01  6.5000000e-01
  6.0000000e-01  5.5000000e-01  5.0000000e-01  4.5000000e-01
  4.0000000e-01  3.5000000e-01  3.0000000e-01  2.5000000e-01
  2.0000000e-01  1.5000000e-01  1.0000000e-01  5.0000000e-02
 -8.8817842e-16 -5.0000000e-02 -1.0000000e-01 -1.5000000e-01
 -2.0000000e-01 -2.5000000e-01 -3.0000000e-01 -3.5000000e-01
 -4.0000000e-01 -4.5000000e-01 -5.0000000e-01 -5.5000000e-01
 -6.0000000e-01 -6.5000000e-01 -7.0000000e-01 -7.5000000e-01
 -8.0000000e-01 -8.5000000e-01 -9.0000000e-01 -9.5000000e-01
 -1.0000000e+00]