[ 4.867500e-10  2.052300e-10  8.652000e-11  4.158000e-11  2.353000e-11
  1.535000e-11  1.145000e-11  7.800000e-12  5.390000e-12  1.100000e-12
 -6.760000e-12 -4.902000e-11 -2.417100e-10 -1.003820e-09 -4.198910e-09
 -1.596560e-08 -5.260430e-08 -1.482070e-07 -3.452570e-07 -6.833610e-07
 -1.165751e-06 -1.830963e-06 -2.706050e-06 -3.775920e-06 -4.938970e-06
 -6.366890e-06 -7.961420e-06 -9.593720e-06 -1.145846e-05 -1.350846e-05
 -1.569317e-05][ 5.00000000e-01  4.50000000e-01  4.00000000e-01  3.50000000e-01
  3.00000000e-01  2.50000000e-01  2.00000000e-01  1.50000000e-01
  1.00000000e-01  5.00000000e-02  1.11022302e-16 -5.00000000e-02
 -1.00000000e-01 -1.50000000e-01 -2.00000000e-01 -2.50000000e-01
 -3.00000000e-01 -3.50000000e-01 -4.00000000e-01 -4.50000000e-01
 -5.00000000e-01 -5.50000000e-01 -6.00000000e-01 -6.50000000e-01
 -7.00000000e-01 -7.50000000e-01 -8.00000000e-01 -8.50000000e-01
 -9.00000000e-01 -9.50000000e-01 -1.00000000e+00]