[ 1.19275e-05  1.09847e-05  1.01572e-05  9.24930e-06  8.36290e-06
  7.51200e-06  6.71940e-06  5.94720e-06  5.21120e-06  4.55500e-06
  3.88900e-06  3.29270e-06  2.72190e-06  2.23820e-06  1.77524e-06
  1.36699e-06  1.03528e-06  7.37200e-07  4.85840e-07  2.97090e-07
  1.69170e-07  7.83170e-08  3.09980e-08  1.01870e-08  2.15100e-09
 -1.91000e-10 -1.16500e-09 -2.10700e-09 -3.66300e-09 -6.13100e-09
 -9.73500e-09 -1.48840e-08 -2.15720e-08 -2.97810e-08 -3.90890e-08
 -5.06160e-08 -6.42000e-08 -7.81390e-08 -9.61700e-08 -1.15734e-07
 -1.39366e-07][ 1.0000000e+00  9.5000000e-01  9.0000000e-01  8.5000000e-01
  8.0000000e-01  7.5000000e-01  7.0000000e-01  6.5000000e-01
  6.0000000e-01  5.5000000e-01  5.0000000e-01  4.5000000e-01
  4.0000000e-01  3.5000000e-01  3.0000000e-01  2.5000000e-01
  2.0000000e-01  1.5000000e-01  1.0000000e-01  5.0000000e-02
 -8.8817842e-16 -5.0000000e-02 -1.0000000e-01 -1.5000000e-01
 -2.0000000e-01 -2.5000000e-01 -3.0000000e-01 -3.5000000e-01
 -4.0000000e-01 -4.5000000e-01 -5.0000000e-01 -5.5000000e-01
 -6.0000000e-01 -6.5000000e-01 -7.0000000e-01 -7.5000000e-01
 -8.0000000e-01 -8.5000000e-01 -9.0000000e-01 -9.5000000e-01
 -1.0000000e+00]