[-8.50000e-11 -5.60000e-11 -4.30000e-11 -4.00000e-11 -4.20000e-11
 -6.90000e-11 -1.55000e-10 -3.94000e-10 -1.63700e-09 -6.51800e-09
 -2.07080e-08 -5.29230e-08 -1.07882e-07 -1.93240e-07 -2.87360e-07
 -3.76850e-07 -4.77420e-07 -5.75420e-07 -7.37170e-07 -9.44880e-07
 -1.14514e-06 -1.50733e-06 -1.94458e-06 -2.37510e-06 -3.08000e-06
 -3.74680e-06 -4.71640e-06 -5.93810e-06 -6.97920e-06 -8.83170e-06
 -1.03311e-05 -1.17777e-05 -1.35266e-05 -1.40779e-05 -1.48274e-05
 -1.54113e-05 -1.41882e-05 -1.33651e-05 -1.78246e-05 -1.87404e-05
 -1.70253e-05 -2.07757e-05 -2.12360e-05 -2.16970e-05 -2.31630e-05][ 1.20000000e+00  1.15000000e+00  1.10000000e+00  1.05000000e+00
  1.00000000e+00  9.50000000e-01  9.00000000e-01  8.50000000e-01
  8.00000000e-01  7.50000000e-01  7.00000000e-01  6.50000000e-01
  6.00000000e-01  5.50000000e-01  5.00000000e-01  4.50000000e-01
  4.00000000e-01  3.50000000e-01  3.00000000e-01  2.50000000e-01
  2.00000000e-01  1.50000000e-01  1.00000000e-01  5.00000000e-02
 -1.11022302e-15 -5.00000000e-02 -1.00000000e-01 -1.50000000e-01
 -2.00000000e-01 -2.50000000e-01 -3.00000000e-01 -3.50000000e-01
 -4.00000000e-01 -4.50000000e-01 -5.00000000e-01 -5.50000000e-01
 -6.00000000e-01 -6.50000000e-01 -7.00000000e-01 -7.50000000e-01
 -8.00000000e-01 -8.50000000e-01 -9.00000000e-01 -9.50000000e-01
 -1.00000000e+00]