[ 1.03672e-03  9.92780e-04  9.46860e-04  9.00670e-04  8.47160e-04
  7.97650e-04  7.44870e-04  6.94360e-04  6.37670e-04  5.86210e-04
  5.33650e-04  4.78650e-04  4.20310e-04  3.67740e-04  3.11600e-04
  2.55180e-04  2.04140e-04  1.49060e-04  9.72980e-05  4.69950e-05
  1.26550e-08 -5.36150e-05 -1.14243e-04 -1.78985e-04 -2.59430e-04
 -3.52530e-04 -4.55640e-04 -5.61850e-04 -6.81520e-04 -8.05120e-04
 -9.21800e-04 -1.05028e-03 -1.17680e-03 -1.30404e-03 -1.42213e-03
 -1.54229e-03 -1.66588e-03 -1.77319e-03 -1.88698e-03 -1.98796e-03
 -2.08318e-03][ 1.0000000e+00  9.5000000e-01  9.0000000e-01  8.5000000e-01
  8.0000000e-01  7.5000000e-01  7.0000000e-01  6.5000000e-01
  6.0000000e-01  5.5000000e-01  5.0000000e-01  4.5000000e-01
  4.0000000e-01  3.5000000e-01  3.0000000e-01  2.5000000e-01
  2.0000000e-01  1.5000000e-01  1.0000000e-01  5.0000000e-02
 -8.8817842e-16 -5.0000000e-02 -1.0000000e-01 -1.5000000e-01
 -2.0000000e-01 -2.5000000e-01 -3.0000000e-01 -3.5000000e-01
 -4.0000000e-01 -4.5000000e-01 -5.0000000e-01 -5.5000000e-01
 -6.0000000e-01 -6.5000000e-01 -7.0000000e-01 -7.5000000e-01
 -8.0000000e-01 -8.5000000e-01 -9.0000000e-01 -9.5000000e-01
 -1.0000000e+00]