[ 2.73000e-11  3.16000e-11  2.50000e-11  2.70000e-11  2.78000e-11
  2.97000e-11  2.53000e-11  2.36000e-11  2.54000e-11  2.59000e-11
  1.62000e-11  2.23000e-11  2.04000e-11  2.42000e-11  2.20000e-11
  1.58000e-11  1.74000e-11  2.15000e-11  1.84000e-11  1.94000e-11
  1.43000e-11  1.73000e-11  1.77000e-11  1.71000e-11  1.64000e-11
  1.92000e-11  1.75000e-11  1.22000e-11  1.10000e-11  1.12000e-11
  9.60000e-12  1.18000e-11  8.00000e-12  9.60000e-12  7.80000e-12
  6.90000e-12  5.40000e-12 -5.00000e-13  6.70000e-12  1.10000e-12
  2.60000e-12  2.30000e-12 -3.50000e-12 -7.10000e-12 -9.30000e-12
 -1.24000e-11 -1.27000e-11 -2.23000e-11 -2.21000e-11 -3.33000e-11
 -4.01000e-11 -4.49000e-11 -5.91000e-11 -6.70000e-11 -8.80000e-11
 -9.86000e-11 -1.21100e-10 -1.30300e-10 -1.65200e-10 -1.77500e-10
 -2.23700e-10 -2.37400e-10 -3.01800e-10 -3.33800e-10 -3.92300e-10
 -4.39900e-10 -5.13400e-10 -6.40700e-10 -6.81900e-10 -8.37400e-10
 -1.00580e-09 -1.14400e-09 -1.25680e-09 -1.53150e-09 -1.71130e-09
 -2.08360e-09 -2.12910e-09 -2.67530e-09 -2.88260e-09 -3.47690e-09
 -3.85120e-09 -4.69700e-09 -5.32740e-09 -6.22850e-09 -6.92110e-09
 -7.53520e-09 -8.78580e-09 -9.89500e-09 -1.14291e-08 -1.25507e-08
 -1.48230e-08 -1.68830e-08 -1.97240e-08 -2.15340e-08 -2.59250e-08
 -2.78710e-08 -3.34060e-08 -3.51730e-08 -4.17520e-08 -4.50920e-08
 -5.33340e-08 -5.75210e-08 -6.22440e-08 -7.24520e-08 -7.70020e-08
 -8.94850e-08 -9.46280e-08 -1.11682e-07 -1.20230e-07 -1.36474e-07
 -1.44862e-07 -1.68490e-07 -1.82103e-07 -2.02602e-07 -2.13590e-07
 -2.41740e-07 -2.51320e-07 -2.83140e-07 -3.02690e-07 -3.18980e-07
 -3.54580e-07 -3.76470e-07 -4.17650e-07 -4.36460e-07 -4.79830e-07
 -4.98540e-07 -5.58380e-07 -5.88130e-07 -6.32310e-07 -6.62780e-07
 -7.38890e-07 -7.57790e-07 -8.40140e-07 -8.74030e-07 -9.44850e-07
 -9.77380e-07 -1.03754e-06 -1.11099e-06 -1.14402e-06 -1.24205e-06
 -1.26986e-06 -1.36402e-06 -1.43067e-06 -1.52917e-06 -1.61067e-06
 -1.67063e-06 -1.72669e-06 -1.83176e-06 -1.89713e-06 -2.00048e-06
 -2.09210e-06 -2.19280e-06 -2.25490e-06 -2.37810e-06 -2.45100e-06
 -2.53280e-06 -2.67660e-06 -2.73220e-06 -2.87100e-06 -2.94540e-06
 -3.08470e-06 -3.15650e-06 -3.29340e-06 -3.39850e-06 -3.57740e-06
 -3.66000e-06 -3.80370e-06 -3.91690e-06 -4.06020e-06 -4.15540e-06
 -4.33070e-06 -4.40990e-06 -4.52670e-06 -4.67680e-06 -4.76990e-06
 -4.93890e-06 -5.12790e-06 -5.25050e-06 -5.35940e-06 -5.49550e-06
 -5.70870e-06 -5.86060e-06 -5.94620e-06 -6.18080e-06 -6.31230e-06
 -6.52970e-06 -6.61870e-06 -6.79810e-06 -6.94610e-06 -7.07470e-06
 -7.29330e-06 -7.39820e-06 -7.65310e-06 -7.80470e-06 -8.04230e-06
 -8.09110e-06 -8.40400e-06 -8.48100e-06 -8.71650e-06 -8.89300e-06
 -9.17320e-06 -9.25120e-06 -9.47810e-06 -9.63960e-06 -9.92480e-06
 -1.01107e-05 -1.01761e-05 -1.05109e-05 -1.05848e-05 -1.09059e-05
 -1.10119e-05 -1.13295e-05 -1.14276e-05 -1.16755e-05 -1.19008e-05
 -1.21898e-05 -1.22345e-05 -1.26569e-05 -1.27800e-05 -1.30176e-05
 -1.32447e-05 -1.35267e-05 -1.37366e-05 -1.39726e-05 -1.41802e-05
 -1.43116e-05 -1.45837e-05 -1.48021e-05 -1.50390e-05 -1.52624e-05
 -1.55207e-05 -1.57700e-05 -1.61134e-05 -1.62723e-05 -1.65441e-05
 -1.67870e-05 -1.71050e-05 -1.72086e-05 -1.76818e-05 -1.78322e-05
 -1.81492e-05][ 2.00000000e-01  1.95000000e-01  1.90000000e-01  1.85000000e-01
  1.80000000e-01  1.75000000e-01  1.70000000e-01  1.65000000e-01
  1.60000000e-01  1.55000000e-01  1.50000000e-01  1.45000000e-01
  1.40000000e-01  1.35000000e-01  1.30000000e-01  1.25000000e-01
  1.20000000e-01  1.15000000e-01  1.10000000e-01  1.05000000e-01
  1.00000000e-01  9.50000000e-02  9.00000000e-02  8.50000000e-02
  8.00000000e-02  7.50000000e-02  7.00000000e-02  6.50000000e-02
  6.00000000e-02  5.50000000e-02  5.00000000e-02  4.50000000e-02
  4.00000000e-02  3.50000000e-02  3.00000000e-02  2.50000000e-02
  2.00000000e-02  1.50000000e-02  1.00000000e-02  5.00000000e-03
 -1.66533454e-16 -5.00000000e-03 -1.00000000e-02 -1.50000000e-02
 -2.00000000e-02 -2.50000000e-02 -3.00000000e-02 -3.50000000e-02
 -4.00000000e-02 -4.50000000e-02 -5.00000000e-02 -5.50000000e-02
 -6.00000000e-02 -6.50000000e-02 -7.00000000e-02 -7.50000000e-02
 -8.00000000e-02 -8.50000000e-02 -9.00000000e-02 -9.50000000e-02
 -1.00000000e-01 -1.05000000e-01 -1.10000000e-01 -1.15000000e-01
 -1.20000000e-01 -1.25000000e-01 -1.30000000e-01 -1.35000000e-01
 -1.40000000e-01 -1.45000000e-01 -1.50000000e-01 -1.55000000e-01
 -1.60000000e-01 -1.65000000e-01 -1.70000000e-01 -1.75000000e-01
 -1.80000000e-01 -1.85000000e-01 -1.90000000e-01 -1.95000000e-01
 -2.00000000e-01 -2.05000000e-01 -2.10000000e-01 -2.15000000e-01
 -2.20000000e-01 -2.25000000e-01 -2.30000000e-01 -2.35000000e-01
 -2.40000000e-01 -2.45000000e-01 -2.50000000e-01 -2.55000000e-01
 -2.60000000e-01 -2.65000000e-01 -2.70000000e-01 -2.75000000e-01
 -2.80000000e-01 -2.85000000e-01 -2.90000000e-01 -2.95000000e-01
 -3.00000000e-01 -3.05000000e-01 -3.10000000e-01 -3.15000000e-01
 -3.20000000e-01 -3.25000000e-01 -3.30000000e-01 -3.35000000e-01
 -3.40000000e-01 -3.45000000e-01 -3.50000000e-01 -3.55000000e-01
 -3.60000000e-01 -3.65000000e-01 -3.70000000e-01 -3.75000000e-01
 -3.80000000e-01 -3.85000000e-01 -3.90000000e-01 -3.95000000e-01
 -4.00000000e-01 -4.05000000e-01 -4.10000000e-01 -4.15000000e-01
 -4.20000000e-01 -4.25000000e-01 -4.30000000e-01 -4.35000000e-01
 -4.40000000e-01 -4.45000000e-01 -4.50000000e-01 -4.55000000e-01
 -4.60000000e-01 -4.65000000e-01 -4.70000000e-01 -4.75000000e-01
 -4.80000000e-01 -4.85000000e-01 -4.90000000e-01 -4.95000000e-01
 -5.00000000e-01 -5.05000000e-01 -5.10000000e-01 -5.15000000e-01
 -5.20000000e-01 -5.25000000e-01 -5.30000000e-01 -5.35000000e-01
 -5.40000000e-01 -5.45000000e-01 -5.50000000e-01 -5.55000000e-01
 -5.60000000e-01 -5.65000000e-01 -5.70000000e-01 -5.75000000e-01
 -5.80000000e-01 -5.85000000e-01 -5.90000000e-01 -5.95000000e-01
 -6.00000000e-01 -6.05000000e-01 -6.10000000e-01 -6.15000000e-01
 -6.20000000e-01 -6.25000000e-01 -6.30000000e-01 -6.35000000e-01
 -6.40000000e-01 -6.45000000e-01 -6.50000000e-01 -6.55000000e-01
 -6.60000000e-01 -6.65000000e-01 -6.70000000e-01 -6.75000000e-01
 -6.80000000e-01 -6.85000000e-01 -6.90000000e-01 -6.95000000e-01
 -7.00000000e-01 -7.05000000e-01 -7.10000000e-01 -7.15000000e-01
 -7.20000000e-01 -7.25000000e-01 -7.30000000e-01 -7.35000000e-01
 -7.40000000e-01 -7.45000000e-01 -7.50000000e-01 -7.55000000e-01
 -7.60000000e-01 -7.65000000e-01 -7.70000000e-01 -7.75000000e-01
 -7.80000000e-01 -7.85000000e-01 -7.90000000e-01 -7.95000000e-01
 -8.00000000e-01 -8.05000000e-01 -8.10000000e-01 -8.15000000e-01
 -8.20000000e-01 -8.25000000e-01 -8.30000000e-01 -8.35000000e-01
 -8.40000000e-01 -8.45000000e-01 -8.50000000e-01 -8.55000000e-01
 -8.60000000e-01 -8.65000000e-01 -8.70000000e-01 -8.75000000e-01
 -8.80000000e-01 -8.85000000e-01 -8.90000000e-01 -8.95000000e-01
 -9.00000000e-01 -9.05000000e-01 -9.10000000e-01 -9.15000000e-01
 -9.20000000e-01 -9.25000000e-01 -9.30000000e-01 -9.35000000e-01
 -9.40000000e-01 -9.45000000e-01 -9.50000000e-01 -9.55000000e-01
 -9.60000000e-01 -9.65000000e-01 -9.70000000e-01 -9.75000000e-01
 -9.80000000e-01 -9.85000000e-01 -9.90000000e-01 -9.95000000e-01
 -1.00000000e+00]