[ 1.97000e-11  2.23000e-11  2.38000e-11  1.89000e-11  2.40000e-11
  1.92000e-11  2.33000e-11  1.83000e-11  2.05000e-11  2.40000e-11
  2.11000e-11  1.68000e-11  1.85000e-11  1.85000e-11  1.71000e-11
  2.18000e-11  1.54000e-11  1.66000e-11  1.73000e-11  1.60000e-11
  1.54000e-11  1.35000e-11  1.40000e-11  9.30000e-12  9.20000e-12
  8.40000e-12  6.10000e-12  1.26000e-11  4.30000e-12  4.30000e-12
  4.50000e-12  3.70000e-12  6.20000e-12  4.40000e-12  3.60000e-12
  4.10000e-12  5.00000e-12  2.80000e-12 -1.60000e-12 -1.00000e-13
  3.00000e-13 -8.00000e-13 -9.20000e-12 -1.08000e-11 -1.14000e-11
 -1.65000e-11 -1.39000e-11 -2.07000e-11 -2.31000e-11 -2.93000e-11
 -3.06000e-11 -3.85000e-11 -4.62000e-11 -5.07000e-11 -6.73000e-11
 -7.12000e-11 -8.76000e-11 -9.49000e-11 -1.17900e-10 -1.29900e-10
 -1.63900e-10 -1.82500e-10 -2.18000e-10 -2.49800e-10 -3.13600e-10
 -3.46400e-10 -3.94100e-10 -4.53800e-10 -5.12200e-10 -6.25500e-10
 -7.05100e-10 -8.55000e-10 -9.46000e-10 -1.17800e-09 -1.28330e-09
 -1.50840e-09 -1.71460e-09 -2.17500e-09 -2.43040e-09 -2.83290e-09
 -3.00370e-09 -3.68450e-09 -4.11100e-09 -5.07160e-09 -5.36920e-09
 -5.97150e-09 -7.35890e-09 -8.15460e-09 -9.70640e-09 -1.06479e-08
 -1.30030e-08 -1.34290e-08 -1.58900e-08 -1.80360e-08 -2.10720e-08
 -2.29250e-08 -2.68000e-08 -2.95460e-08 -3.39230e-08 -3.63320e-08
 -4.33490e-08 -4.79530e-08 -5.12390e-08 -5.98220e-08 -6.43080e-08
 -7.53310e-08 -8.19200e-08 -9.24720e-08 -1.02463e-07 -1.14059e-07
 -1.25264e-07 -1.37808e-07 -1.48790e-07 -1.74018e-07 -1.83406e-07
 -2.08938e-07 -2.20200e-07 -2.48880e-07 -2.69310e-07 -2.78160e-07
 -3.04090e-07 -3.22080e-07 -3.67890e-07 -3.90110e-07 -4.33100e-07
 -4.55750e-07 -5.00870e-07 -5.18180e-07 -5.68600e-07 -5.88380e-07
 -6.53100e-07 -6.79940e-07 -7.47670e-07 -7.74700e-07 -8.46660e-07
 -8.79640e-07 -9.29510e-07 -9.92800e-07 -1.04002e-06 -1.10234e-06
 -1.15986e-06 -1.25592e-06 -1.28915e-06 -1.39056e-06 -1.42349e-06
 -1.52136e-06 -1.55924e-06 -1.65900e-06 -1.71615e-06 -1.85496e-06
 -1.90337e-06 -1.98647e-06 -2.07240e-06 -2.21610e-06 -2.25240e-06
 -2.34290e-06 -2.48370e-06 -2.54710e-06 -2.68940e-06 -2.77040e-06
 -2.88370e-06 -2.99470e-06 -3.12540e-06 -3.18380e-06 -3.37880e-06
 -3.40030e-06 -3.58490e-06 -3.68040e-06 -3.82650e-06 -3.94580e-06
 -4.08630e-06 -4.15850e-06 -4.27180e-06 -4.45770e-06 -4.53150e-06
 -4.74750e-06 -4.85640e-06 -5.00780e-06 -5.12060e-06 -5.36710e-06
 -5.50050e-06 -5.62500e-06 -5.73690e-06 -5.93900e-06 -6.01130e-06
 -6.26760e-06 -6.37750e-06 -6.53810e-06 -6.72150e-06 -6.82550e-06
 -7.06320e-06 -7.22520e-06 -7.40700e-06 -7.51780e-06 -7.76570e-06
 -7.92690e-06 -8.15290e-06 -8.18080e-06 -8.47910e-06 -8.62200e-06
 -8.85600e-06 -9.01180e-06 -9.22570e-06 -9.39080e-06 -9.57920e-06
 -9.79970e-06 -9.91950e-06 -1.02048e-05 -1.02863e-05 -1.05711e-05
 -1.06892e-05 -1.09621e-05 -1.10974e-05 -1.14382e-05 -1.16021e-05
 -1.18278e-05 -1.20516e-05 -1.23136e-05 -1.24726e-05 -1.27510e-05
 -1.28731e-05 -1.31240e-05 -1.33585e-05 -1.36707e-05 -1.37923e-05
 -1.40009e-05 -1.43210e-05 -1.44530e-05 -1.47619e-05 -1.49781e-05
 -1.52739e-05 -1.54412e-05 -1.57155e-05 -1.58979e-05 -1.62700e-05
 -1.64179e-05 -1.66799e-05 -1.69411e-05 -1.72581e-05 -1.74257e-05
 -1.76846e-05][ 2.00000000e-01  1.95000000e-01  1.90000000e-01  1.85000000e-01
  1.80000000e-01  1.75000000e-01  1.70000000e-01  1.65000000e-01
  1.60000000e-01  1.55000000e-01  1.50000000e-01  1.45000000e-01
  1.40000000e-01  1.35000000e-01  1.30000000e-01  1.25000000e-01
  1.20000000e-01  1.15000000e-01  1.10000000e-01  1.05000000e-01
  1.00000000e-01  9.50000000e-02  9.00000000e-02  8.50000000e-02
  8.00000000e-02  7.50000000e-02  7.00000000e-02  6.50000000e-02
  6.00000000e-02  5.50000000e-02  5.00000000e-02  4.50000000e-02
  4.00000000e-02  3.50000000e-02  3.00000000e-02  2.50000000e-02
  2.00000000e-02  1.50000000e-02  1.00000000e-02  5.00000000e-03
 -1.66533454e-16 -5.00000000e-03 -1.00000000e-02 -1.50000000e-02
 -2.00000000e-02 -2.50000000e-02 -3.00000000e-02 -3.50000000e-02
 -4.00000000e-02 -4.50000000e-02 -5.00000000e-02 -5.50000000e-02
 -6.00000000e-02 -6.50000000e-02 -7.00000000e-02 -7.50000000e-02
 -8.00000000e-02 -8.50000000e-02 -9.00000000e-02 -9.50000000e-02
 -1.00000000e-01 -1.05000000e-01 -1.10000000e-01 -1.15000000e-01
 -1.20000000e-01 -1.25000000e-01 -1.30000000e-01 -1.35000000e-01
 -1.40000000e-01 -1.45000000e-01 -1.50000000e-01 -1.55000000e-01
 -1.60000000e-01 -1.65000000e-01 -1.70000000e-01 -1.75000000e-01
 -1.80000000e-01 -1.85000000e-01 -1.90000000e-01 -1.95000000e-01
 -2.00000000e-01 -2.05000000e-01 -2.10000000e-01 -2.15000000e-01
 -2.20000000e-01 -2.25000000e-01 -2.30000000e-01 -2.35000000e-01
 -2.40000000e-01 -2.45000000e-01 -2.50000000e-01 -2.55000000e-01
 -2.60000000e-01 -2.65000000e-01 -2.70000000e-01 -2.75000000e-01
 -2.80000000e-01 -2.85000000e-01 -2.90000000e-01 -2.95000000e-01
 -3.00000000e-01 -3.05000000e-01 -3.10000000e-01 -3.15000000e-01
 -3.20000000e-01 -3.25000000e-01 -3.30000000e-01 -3.35000000e-01
 -3.40000000e-01 -3.45000000e-01 -3.50000000e-01 -3.55000000e-01
 -3.60000000e-01 -3.65000000e-01 -3.70000000e-01 -3.75000000e-01
 -3.80000000e-01 -3.85000000e-01 -3.90000000e-01 -3.95000000e-01
 -4.00000000e-01 -4.05000000e-01 -4.10000000e-01 -4.15000000e-01
 -4.20000000e-01 -4.25000000e-01 -4.30000000e-01 -4.35000000e-01
 -4.40000000e-01 -4.45000000e-01 -4.50000000e-01 -4.55000000e-01
 -4.60000000e-01 -4.65000000e-01 -4.70000000e-01 -4.75000000e-01
 -4.80000000e-01 -4.85000000e-01 -4.90000000e-01 -4.95000000e-01
 -5.00000000e-01 -5.05000000e-01 -5.10000000e-01 -5.15000000e-01
 -5.20000000e-01 -5.25000000e-01 -5.30000000e-01 -5.35000000e-01
 -5.40000000e-01 -5.45000000e-01 -5.50000000e-01 -5.55000000e-01
 -5.60000000e-01 -5.65000000e-01 -5.70000000e-01 -5.75000000e-01
 -5.80000000e-01 -5.85000000e-01 -5.90000000e-01 -5.95000000e-01
 -6.00000000e-01 -6.05000000e-01 -6.10000000e-01 -6.15000000e-01
 -6.20000000e-01 -6.25000000e-01 -6.30000000e-01 -6.35000000e-01
 -6.40000000e-01 -6.45000000e-01 -6.50000000e-01 -6.55000000e-01
 -6.60000000e-01 -6.65000000e-01 -6.70000000e-01 -6.75000000e-01
 -6.80000000e-01 -6.85000000e-01 -6.90000000e-01 -6.95000000e-01
 -7.00000000e-01 -7.05000000e-01 -7.10000000e-01 -7.15000000e-01
 -7.20000000e-01 -7.25000000e-01 -7.30000000e-01 -7.35000000e-01
 -7.40000000e-01 -7.45000000e-01 -7.50000000e-01 -7.55000000e-01
 -7.60000000e-01 -7.65000000e-01 -7.70000000e-01 -7.75000000e-01
 -7.80000000e-01 -7.85000000e-01 -7.90000000e-01 -7.95000000e-01
 -8.00000000e-01 -8.05000000e-01 -8.10000000e-01 -8.15000000e-01
 -8.20000000e-01 -8.25000000e-01 -8.30000000e-01 -8.35000000e-01
 -8.40000000e-01 -8.45000000e-01 -8.50000000e-01 -8.55000000e-01
 -8.60000000e-01 -8.65000000e-01 -8.70000000e-01 -8.75000000e-01
 -8.80000000e-01 -8.85000000e-01 -8.90000000e-01 -8.95000000e-01
 -9.00000000e-01 -9.05000000e-01 -9.10000000e-01 -9.15000000e-01
 -9.20000000e-01 -9.25000000e-01 -9.30000000e-01 -9.35000000e-01
 -9.40000000e-01 -9.45000000e-01 -9.50000000e-01 -9.55000000e-01
 -9.60000000e-01 -9.65000000e-01 -9.70000000e-01 -9.75000000e-01
 -9.80000000e-01 -9.85000000e-01 -9.90000000e-01 -9.95000000e-01
 -1.00000000e+00]