[ 1.45600e-08  1.34020e-08  1.24736e-08  1.16878e-08  1.17481e-08
  1.11190e-08  5.30210e-09  2.16800e-09  8.76580e-09  8.11270e-09
  7.79160e-09  3.04930e-09  1.79637e-10  1.76848e-10  8.73000e-11
  8.46020e-11  8.46550e-11  9.25130e-11  8.95570e-11  8.97600e-11
  8.81880e-11  8.68780e-11  3.68500e-11  3.60960e-11  3.49700e-11
  3.48330e-11  3.40100e-11  3.38440e-11  3.36780e-11  3.39230e-11
  3.12370e-11  3.24100e-11  3.08560e-11  3.02070e-11  2.96090e-11
  2.76580e-11  2.53320e-11  2.48980e-11  2.53230e-11  2.39860e-11
  2.56710e-11  2.70250e-11  2.52670e-11  2.35280e-11  2.49560e-11
  2.37240e-11  2.34900e-11  2.29210e-11  2.24430e-11  2.09610e-11
  1.99951e-11  1.96592e-11  1.98905e-11  1.90957e-11  1.97259e-11
  1.92081e-11  1.83886e-11  1.82980e-11  1.75583e-11  1.76900e-11
  1.69768e-11  1.68537e-11  1.54509e-11  1.46187e-11  1.41385e-11
  1.38131e-11  1.28541e-11  1.30607e-11  1.31492e-11  1.22326e-11
  1.17039e-11  1.07260e-11  1.08495e-11  9.63730e-12  9.28710e-12
  9.16400e-12  8.48340e-12  8.21770e-12  8.08500e-12  7.56350e-12
  7.26230e-12  7.12430e-12  6.48120e-12  5.89750e-12  5.96680e-12
  5.36000e-12  5.43120e-12  4.90750e-12  4.12160e-12  4.00390e-12
  2.67100e-12  2.11910e-12  1.89920e-12  1.28790e-12  9.05200e-13
  8.01300e-13  2.10800e-13  1.07400e-13 -4.77600e-13 -9.76800e-13
 -1.32360e-12 -1.32660e-12 -1.80840e-12 -2.35810e-12 -2.26960e-12
 -2.78050e-12 -3.28090e-12 -3.54370e-12 -3.59090e-12 -4.15820e-12
 -4.55260e-12 -5.14750e-12 -5.52800e-12 -5.52370e-12 -5.72330e-12
 -6.14040e-12 -6.11740e-12 -6.83940e-12 -7.20970e-12 -7.36760e-12
 -8.03470e-12 -8.41760e-12 -8.39150e-12 -9.02050e-12 -9.91500e-12
 -1.00029e-11 -1.01088e-11 -1.06801e-11 -1.08695e-11 -1.07485e-11
 -1.13995e-11 -1.15489e-11 -1.21382e-11 -1.23108e-11 -1.33967e-11
 -1.37395e-11 -1.39484e-11 -1.40978e-11 -1.50291e-11 -1.53906e-11
 -1.62802e-11 -1.63745e-11 -1.67398e-11 -1.67778e-11 -1.71347e-11
 -1.71544e-11 -1.75497e-11 -1.81943e-11 -1.79739e-11 -1.86920e-11
 -1.84365e-11 -1.84994e-11 -1.89510e-11 -2.01775e-11 -2.01254e-11
 -2.08530e-11 -2.11590e-11 -2.19770e-11 -2.28320e-11 -2.27790e-11
 -2.26860e-11 -2.36170e-11 -2.46700e-11 -2.51540e-11 -2.65640e-11
 -2.64410e-11 -2.69460e-11 -2.73880e-11 -2.77110e-11 -2.83650e-11
 -2.98040e-11 -2.93800e-11 -2.88230e-11 -2.99870e-11 -3.02740e-11
 -3.07600e-11 -3.10620e-11 -3.12710e-11 -3.31580e-11 -3.48870e-11
 -3.43430e-11 -3.58420e-11 -3.55270e-11 -3.69150e-11 -3.72980e-11
 -3.86130e-11 -3.77520e-11 -3.90030e-11 -4.05200e-11 -4.22490e-11
 -4.36870e-11 -4.32670e-11 -4.28910e-11 -4.20810e-11 -4.47810e-11
 -4.31000e-11 -4.29610e-11 -4.38750e-11 -4.40990e-11 -4.44080e-11
 -4.52750e-11 -4.53530e-11 -4.60520e-11 -4.87870e-11 -4.88720e-11
 -4.82430e-11 -4.83050e-11 -4.99530e-11 -5.13520e-11 -5.18380e-11
 -5.10040e-11 -5.26660e-11 -5.39250e-11 -5.40340e-11 -5.31690e-11
 -5.42320e-11 -5.49100e-11 -5.74930e-11 -5.74660e-11 -5.74960e-11
 -5.81470e-11 -5.95780e-11 -5.92540e-11 -5.79760e-11 -5.94500e-11
 -5.93870e-11 -5.94820e-11 -6.24980e-11 -6.24460e-11 -6.39570e-11
 -6.40990e-11 -6.60830e-11 -6.70950e-11 -6.94320e-11 -6.87240e-11
 -6.80440e-11 -7.17740e-11 -6.90810e-11 -7.63260e-11 -7.58650e-11
 -7.80240e-11][ 2.00000000e-01  1.95000000e-01  1.90000000e-01  1.85000000e-01
  1.80000000e-01  1.75000000e-01  1.70000000e-01  1.65000000e-01
  1.60000000e-01  1.55000000e-01  1.50000000e-01  1.45000000e-01
  1.40000000e-01  1.35000000e-01  1.30000000e-01  1.25000000e-01
  1.20000000e-01  1.15000000e-01  1.10000000e-01  1.05000000e-01
  1.00000000e-01  9.50000000e-02  9.00000000e-02  8.50000000e-02
  8.00000000e-02  7.50000000e-02  7.00000000e-02  6.50000000e-02
  6.00000000e-02  5.50000000e-02  5.00000000e-02  4.50000000e-02
  4.00000000e-02  3.50000000e-02  3.00000000e-02  2.50000000e-02
  2.00000000e-02  1.50000000e-02  1.00000000e-02  5.00000000e-03
 -1.66533454e-16 -5.00000000e-03 -1.00000000e-02 -1.50000000e-02
 -2.00000000e-02 -2.50000000e-02 -3.00000000e-02 -3.50000000e-02
 -4.00000000e-02 -4.50000000e-02 -5.00000000e-02 -5.50000000e-02
 -6.00000000e-02 -6.50000000e-02 -7.00000000e-02 -7.50000000e-02
 -8.00000000e-02 -8.50000000e-02 -9.00000000e-02 -9.50000000e-02
 -1.00000000e-01 -1.05000000e-01 -1.10000000e-01 -1.15000000e-01
 -1.20000000e-01 -1.25000000e-01 -1.30000000e-01 -1.35000000e-01
 -1.40000000e-01 -1.45000000e-01 -1.50000000e-01 -1.55000000e-01
 -1.60000000e-01 -1.65000000e-01 -1.70000000e-01 -1.75000000e-01
 -1.80000000e-01 -1.85000000e-01 -1.90000000e-01 -1.95000000e-01
 -2.00000000e-01 -2.05000000e-01 -2.10000000e-01 -2.15000000e-01
 -2.20000000e-01 -2.25000000e-01 -2.30000000e-01 -2.35000000e-01
 -2.40000000e-01 -2.45000000e-01 -2.50000000e-01 -2.55000000e-01
 -2.60000000e-01 -2.65000000e-01 -2.70000000e-01 -2.75000000e-01
 -2.80000000e-01 -2.85000000e-01 -2.90000000e-01 -2.95000000e-01
 -3.00000000e-01 -3.05000000e-01 -3.10000000e-01 -3.15000000e-01
 -3.20000000e-01 -3.25000000e-01 -3.30000000e-01 -3.35000000e-01
 -3.40000000e-01 -3.45000000e-01 -3.50000000e-01 -3.55000000e-01
 -3.60000000e-01 -3.65000000e-01 -3.70000000e-01 -3.75000000e-01
 -3.80000000e-01 -3.85000000e-01 -3.90000000e-01 -3.95000000e-01
 -4.00000000e-01 -4.05000000e-01 -4.10000000e-01 -4.15000000e-01
 -4.20000000e-01 -4.25000000e-01 -4.30000000e-01 -4.35000000e-01
 -4.40000000e-01 -4.45000000e-01 -4.50000000e-01 -4.55000000e-01
 -4.60000000e-01 -4.65000000e-01 -4.70000000e-01 -4.75000000e-01
 -4.80000000e-01 -4.85000000e-01 -4.90000000e-01 -4.95000000e-01
 -5.00000000e-01 -5.05000000e-01 -5.10000000e-01 -5.15000000e-01
 -5.20000000e-01 -5.25000000e-01 -5.30000000e-01 -5.35000000e-01
 -5.40000000e-01 -5.45000000e-01 -5.50000000e-01 -5.55000000e-01
 -5.60000000e-01 -5.65000000e-01 -5.70000000e-01 -5.75000000e-01
 -5.80000000e-01 -5.85000000e-01 -5.90000000e-01 -5.95000000e-01
 -6.00000000e-01 -6.05000000e-01 -6.10000000e-01 -6.15000000e-01
 -6.20000000e-01 -6.25000000e-01 -6.30000000e-01 -6.35000000e-01
 -6.40000000e-01 -6.45000000e-01 -6.50000000e-01 -6.55000000e-01
 -6.60000000e-01 -6.65000000e-01 -6.70000000e-01 -6.75000000e-01
 -6.80000000e-01 -6.85000000e-01 -6.90000000e-01 -6.95000000e-01
 -7.00000000e-01 -7.05000000e-01 -7.10000000e-01 -7.15000000e-01
 -7.20000000e-01 -7.25000000e-01 -7.30000000e-01 -7.35000000e-01
 -7.40000000e-01 -7.45000000e-01 -7.50000000e-01 -7.55000000e-01
 -7.60000000e-01 -7.65000000e-01 -7.70000000e-01 -7.75000000e-01
 -7.80000000e-01 -7.85000000e-01 -7.90000000e-01 -7.95000000e-01
 -8.00000000e-01 -8.05000000e-01 -8.10000000e-01 -8.15000000e-01
 -8.20000000e-01 -8.25000000e-01 -8.30000000e-01 -8.35000000e-01
 -8.40000000e-01 -8.45000000e-01 -8.50000000e-01 -8.55000000e-01
 -8.60000000e-01 -8.65000000e-01 -8.70000000e-01 -8.75000000e-01
 -8.80000000e-01 -8.85000000e-01 -8.90000000e-01 -8.95000000e-01
 -9.00000000e-01 -9.05000000e-01 -9.10000000e-01 -9.15000000e-01
 -9.20000000e-01 -9.25000000e-01 -9.30000000e-01 -9.35000000e-01
 -9.40000000e-01 -9.45000000e-01 -9.50000000e-01 -9.55000000e-01
 -9.60000000e-01 -9.65000000e-01 -9.70000000e-01 -9.75000000e-01
 -9.80000000e-01 -9.85000000e-01 -9.90000000e-01 -9.95000000e-01
 -1.00000000e+00]