[ 1.75000e-11  1.91000e-11  1.74000e-11  2.49000e-11  1.80000e-11
  1.97000e-11  1.98000e-11  1.68000e-11  1.46000e-11  2.19000e-11
  2.02000e-11  1.52000e-11  1.84000e-11  1.68000e-11  1.20000e-11
  1.54000e-11  1.57000e-11  2.00000e-11  9.00000e-12  1.56000e-11
  1.63000e-11  9.00000e-12  1.26000e-11  1.40000e-11  1.58000e-11
  1.21000e-11  1.41000e-11  1.21000e-11  9.70000e-12  1.18000e-11
  8.30000e-12  9.70000e-12  1.20000e-11  1.00000e-11  1.38000e-11
  8.60000e-12  5.70000e-12  5.00000e-12  2.50000e-12  3.70000e-12
  2.00000e-13  1.00000e-12 -4.20000e-12 -7.20000e-12 -7.20000e-12
 -1.64000e-11 -1.48000e-11 -2.02000e-11 -2.66000e-11 -2.47000e-11
 -3.62000e-11 -3.89000e-11 -4.81000e-11 -6.15000e-11 -7.09000e-11
 -8.14000e-11 -1.11100e-10 -1.15000e-10 -1.49400e-10 -1.62000e-10
 -2.03100e-10 -2.21100e-10 -2.78100e-10 -3.02900e-10 -3.72400e-10
 -4.04700e-10 -4.56700e-10 -5.67400e-10 -6.21800e-10 -7.68000e-10
 -8.75300e-10 -1.05780e-09 -1.11280e-09 -1.35130e-09 -1.58710e-09
 -1.83510e-09 -2.10710e-09 -2.51300e-09 -2.81190e-09 -3.26610e-09
 -3.54850e-09 -4.36100e-09 -4.68750e-09 -5.74960e-09 -6.31360e-09
 -6.89620e-09 -8.39830e-09 -9.03440e-09 -1.08964e-08 -1.15977e-08
 -1.37118e-08 -1.50960e-08 -1.90930e-08 -2.00230e-08 -2.41510e-08
 -2.61340e-08 -2.93930e-08 -3.24480e-08 -3.92150e-08 -4.29160e-08
 -4.80200e-08 -5.09280e-08 -5.60350e-08 -6.63490e-08 -7.23170e-08
 -8.49360e-08 -9.00990e-08 -1.00286e-07 -1.09693e-07 -1.27018e-07
 -1.31953e-07 -1.54545e-07 -1.63711e-07 -1.84034e-07 -1.97807e-07
 -2.19550e-07 -2.38340e-07 -2.64630e-07 -2.79590e-07 -2.98480e-07
 -3.34420e-07 -3.51920e-07 -3.95740e-07 -4.17200e-07 -4.62280e-07
 -4.80580e-07 -5.30490e-07 -5.53430e-07 -6.02600e-07 -6.25470e-07
 -6.86730e-07 -7.11040e-07 -7.75810e-07 -8.11290e-07 -8.95090e-07
 -9.36550e-07 -9.51010e-07 -1.02673e-06 -1.07845e-06 -1.16227e-06
 -1.20117e-06 -1.30353e-06 -1.33735e-06 -1.44137e-06 -1.49434e-06
 -1.59553e-06 -1.67067e-06 -1.72029e-06 -1.79829e-06 -1.92763e-06
 -1.98217e-06 -2.07730e-06 -2.17150e-06 -2.28800e-06 -2.35480e-06
 -2.41170e-06 -2.54840e-06 -2.59870e-06 -2.77990e-06 -2.86530e-06
 -2.98590e-06 -3.06310e-06 -3.24570e-06 -3.33420e-06 -3.48750e-06
 -3.54560e-06 -3.70720e-06 -3.78230e-06 -3.95560e-06 -4.03100e-06
 -4.19620e-06 -4.30230e-06 -4.38580e-06 -4.58310e-06 -4.68170e-06
 -4.83010e-06 -4.93910e-06 -5.12960e-06 -5.25660e-06 -5.44050e-06
 -5.55290e-06 -5.74710e-06 -5.83610e-06 -6.09470e-06 -6.19130e-06
 -6.36430e-06 -6.51800e-06 -6.66660e-06 -6.81290e-06 -6.98470e-06
 -7.17090e-06 -7.32680e-06 -7.54860e-06 -7.72010e-06 -7.91570e-06
 -8.04170e-06 -8.26870e-06 -8.41190e-06 -8.61640e-06 -8.79080e-06
 -9.03910e-06 -9.13190e-06 -9.46670e-06 -9.60520e-06 -9.80690e-06
 -9.95770e-06 -1.01425e-05 -1.03198e-05 -1.04985e-05 -1.07983e-05
 -1.09693e-05 -1.12050e-05 -1.12900e-05 -1.15672e-05 -1.17022e-05
 -1.20864e-05 -1.21920e-05 -1.24693e-05 -1.26338e-05 -1.29752e-05
 -1.31066e-05 -1.34138e-05 -1.36245e-05 -1.39221e-05 -1.39981e-05
 -1.42080e-05 -1.45157e-05 -1.46438e-05 -1.49098e-05 -1.50525e-05
 -1.54674e-05 -1.56197e-05 -1.59210e-05 -1.60365e-05 -1.64208e-05
 -1.66164e-05 -1.69126e-05 -1.71389e-05 -1.74747e-05 -1.76554e-05
 -1.79076e-05][ 2.00000000e-01  1.95000000e-01  1.90000000e-01  1.85000000e-01
  1.80000000e-01  1.75000000e-01  1.70000000e-01  1.65000000e-01
  1.60000000e-01  1.55000000e-01  1.50000000e-01  1.45000000e-01
  1.40000000e-01  1.35000000e-01  1.30000000e-01  1.25000000e-01
  1.20000000e-01  1.15000000e-01  1.10000000e-01  1.05000000e-01
  1.00000000e-01  9.50000000e-02  9.00000000e-02  8.50000000e-02
  8.00000000e-02  7.50000000e-02  7.00000000e-02  6.50000000e-02
  6.00000000e-02  5.50000000e-02  5.00000000e-02  4.50000000e-02
  4.00000000e-02  3.50000000e-02  3.00000000e-02  2.50000000e-02
  2.00000000e-02  1.50000000e-02  1.00000000e-02  5.00000000e-03
 -1.66533454e-16 -5.00000000e-03 -1.00000000e-02 -1.50000000e-02
 -2.00000000e-02 -2.50000000e-02 -3.00000000e-02 -3.50000000e-02
 -4.00000000e-02 -4.50000000e-02 -5.00000000e-02 -5.50000000e-02
 -6.00000000e-02 -6.50000000e-02 -7.00000000e-02 -7.50000000e-02
 -8.00000000e-02 -8.50000000e-02 -9.00000000e-02 -9.50000000e-02
 -1.00000000e-01 -1.05000000e-01 -1.10000000e-01 -1.15000000e-01
 -1.20000000e-01 -1.25000000e-01 -1.30000000e-01 -1.35000000e-01
 -1.40000000e-01 -1.45000000e-01 -1.50000000e-01 -1.55000000e-01
 -1.60000000e-01 -1.65000000e-01 -1.70000000e-01 -1.75000000e-01
 -1.80000000e-01 -1.85000000e-01 -1.90000000e-01 -1.95000000e-01
 -2.00000000e-01 -2.05000000e-01 -2.10000000e-01 -2.15000000e-01
 -2.20000000e-01 -2.25000000e-01 -2.30000000e-01 -2.35000000e-01
 -2.40000000e-01 -2.45000000e-01 -2.50000000e-01 -2.55000000e-01
 -2.60000000e-01 -2.65000000e-01 -2.70000000e-01 -2.75000000e-01
 -2.80000000e-01 -2.85000000e-01 -2.90000000e-01 -2.95000000e-01
 -3.00000000e-01 -3.05000000e-01 -3.10000000e-01 -3.15000000e-01
 -3.20000000e-01 -3.25000000e-01 -3.30000000e-01 -3.35000000e-01
 -3.40000000e-01 -3.45000000e-01 -3.50000000e-01 -3.55000000e-01
 -3.60000000e-01 -3.65000000e-01 -3.70000000e-01 -3.75000000e-01
 -3.80000000e-01 -3.85000000e-01 -3.90000000e-01 -3.95000000e-01
 -4.00000000e-01 -4.05000000e-01 -4.10000000e-01 -4.15000000e-01
 -4.20000000e-01 -4.25000000e-01 -4.30000000e-01 -4.35000000e-01
 -4.40000000e-01 -4.45000000e-01 -4.50000000e-01 -4.55000000e-01
 -4.60000000e-01 -4.65000000e-01 -4.70000000e-01 -4.75000000e-01
 -4.80000000e-01 -4.85000000e-01 -4.90000000e-01 -4.95000000e-01
 -5.00000000e-01 -5.05000000e-01 -5.10000000e-01 -5.15000000e-01
 -5.20000000e-01 -5.25000000e-01 -5.30000000e-01 -5.35000000e-01
 -5.40000000e-01 -5.45000000e-01 -5.50000000e-01 -5.55000000e-01
 -5.60000000e-01 -5.65000000e-01 -5.70000000e-01 -5.75000000e-01
 -5.80000000e-01 -5.85000000e-01 -5.90000000e-01 -5.95000000e-01
 -6.00000000e-01 -6.05000000e-01 -6.10000000e-01 -6.15000000e-01
 -6.20000000e-01 -6.25000000e-01 -6.30000000e-01 -6.35000000e-01
 -6.40000000e-01 -6.45000000e-01 -6.50000000e-01 -6.55000000e-01
 -6.60000000e-01 -6.65000000e-01 -6.70000000e-01 -6.75000000e-01
 -6.80000000e-01 -6.85000000e-01 -6.90000000e-01 -6.95000000e-01
 -7.00000000e-01 -7.05000000e-01 -7.10000000e-01 -7.15000000e-01
 -7.20000000e-01 -7.25000000e-01 -7.30000000e-01 -7.35000000e-01
 -7.40000000e-01 -7.45000000e-01 -7.50000000e-01 -7.55000000e-01
 -7.60000000e-01 -7.65000000e-01 -7.70000000e-01 -7.75000000e-01
 -7.80000000e-01 -7.85000000e-01 -7.90000000e-01 -7.95000000e-01
 -8.00000000e-01 -8.05000000e-01 -8.10000000e-01 -8.15000000e-01
 -8.20000000e-01 -8.25000000e-01 -8.30000000e-01 -8.35000000e-01
 -8.40000000e-01 -8.45000000e-01 -8.50000000e-01 -8.55000000e-01
 -8.60000000e-01 -8.65000000e-01 -8.70000000e-01 -8.75000000e-01
 -8.80000000e-01 -8.85000000e-01 -8.90000000e-01 -8.95000000e-01
 -9.00000000e-01 -9.05000000e-01 -9.10000000e-01 -9.15000000e-01
 -9.20000000e-01 -9.25000000e-01 -9.30000000e-01 -9.35000000e-01
 -9.40000000e-01 -9.45000000e-01 -9.50000000e-01 -9.55000000e-01
 -9.60000000e-01 -9.65000000e-01 -9.70000000e-01 -9.75000000e-01
 -9.80000000e-01 -9.85000000e-01 -9.90000000e-01 -9.95000000e-01
 -1.00000000e+00]