[ 1.20160e-09  1.19730e-09  1.22560e-09  1.16400e-09  1.14030e-09
  1.06150e-09  1.03010e-09  9.34700e-10  9.02900e-10  8.19500e-10
  7.86900e-10  7.03300e-10  6.74600e-10  6.31500e-10  5.73500e-10
  5.40100e-10  4.69100e-10  4.42600e-10  4.02700e-10  3.75200e-10
  3.25900e-10  3.04500e-10  2.67300e-10  2.55100e-10  2.22000e-10
  2.07300e-10  1.86500e-10  1.73300e-10  1.55000e-10  1.42200e-10
  1.27800e-10  1.18600e-10  1.09600e-10  9.87000e-11  9.58000e-11
  8.66000e-11  7.74000e-11  6.94000e-11  6.45000e-11  5.82000e-11
  5.71000e-11  5.19000e-11  4.72000e-11  5.15000e-11  3.71000e-11
  4.59000e-11  3.84000e-11  3.22000e-11  3.76000e-11  3.22000e-11
  3.52000e-11  3.44000e-11  2.42000e-11  2.82000e-11  2.95000e-11
  2.28000e-11  3.13000e-11  2.13000e-11  2.51000e-11  2.59000e-11
  1.85000e-11  2.90000e-11  1.97000e-11  1.64000e-11  1.78000e-11
  1.86000e-11  1.58000e-11  1.96000e-11  1.44000e-11  1.91000e-11
  1.75000e-11  1.01000e-11  1.66000e-11  1.91000e-11  1.42000e-11
  1.67000e-11  1.17000e-11  7.90000e-12  1.63000e-11  1.24000e-11
  1.13000e-11  1.39000e-11  8.40000e-12  4.30000e-12  1.16000e-11
  1.58000e-11  9.40000e-12  1.26000e-11  4.70000e-12  1.25000e-11
  1.22000e-11  1.36000e-11  1.10000e-11  2.11000e-11  8.90000e-12
  1.74000e-11  1.45000e-11  1.23000e-11  1.66000e-11  1.61000e-11
  1.30000e-11  1.11000e-11  9.90000e-12  5.40000e-12  5.30000e-12
 -2.60000e-12  2.00000e-13  2.60000e-12  4.80000e-12 -7.00000e-12
 -5.10000e-12 -5.00000e-12 -6.20000e-12 -1.56000e-11 -2.07000e-11
 -1.39000e-11 -2.39000e-11 -3.80000e-11 -4.12000e-11 -3.55000e-11
 -5.14000e-11 -7.14000e-11 -7.13000e-11 -7.80000e-11 -1.02200e-10
 -1.15100e-10 -1.43500e-10 -1.50700e-10 -1.90700e-10 -2.26600e-10
 -2.66300e-10 -2.94400e-10 -3.63700e-10 -3.88700e-10 -4.84300e-10
 -5.33500e-10 -5.86100e-10 -7.44300e-10 -8.28700e-10 -1.03770e-09
 -1.10270e-09 -1.36700e-09 -1.54660e-09 -1.92620e-09 -2.00620e-09
 -2.54130e-09 -2.70840e-09 -3.32630e-09 -3.60810e-09 -4.36020e-09
 -4.97360e-09 -5.77920e-09 -6.38970e-09 -7.77630e-09 -8.53680e-09
 -9.18450e-09 -1.11066e-08 -1.22573e-08 -1.44988e-08 -1.55970e-08
 -1.88920e-08 -2.01170e-08 -2.42460e-08 -2.63040e-08 -3.01360e-08
 -3.22130e-08 -3.82310e-08 -4.04930e-08 -4.79790e-08 -5.07750e-08
 -5.97180e-08 -6.29140e-08 -6.74530e-08 -8.00560e-08 -8.45660e-08
 -9.45000e-08 -1.02235e-07 -1.12494e-07 -1.22775e-07 -1.33661e-07
 -1.42815e-07 -1.57170e-07 -1.64123e-07 -1.86981e-07 -1.98759e-07
 -2.14860e-07 -2.22310e-07 -2.46150e-07 -2.51920e-07 -2.66340e-07
 -2.90530e-07 -2.95260e-07 -3.15890e-07 -3.36890e-07 -3.57080e-07
 -3.61700e-07 -3.99450e-07 -4.01580e-07 -4.31030e-07 -4.46970e-07
 -4.81920e-07 -4.79840e-07 -5.16280e-07 -5.23250e-07 -5.71400e-07
 -5.74140e-07 -5.78300e-07 -6.09590e-07 -6.34520e-07 -6.67190e-07
 -6.60930e-07 -7.06960e-07 -7.23170e-07 -7.60180e-07 -7.70120e-07
 -8.06030e-07 -8.13040e-07 -8.75230e-07 -8.72930e-07 -9.02010e-07
 -9.17320e-07 -9.55100e-07 -9.67310e-07 -9.98210e-07 -1.01871e-06
 -1.03566e-06 -1.06614e-06 -1.07595e-06 -1.14615e-06 -1.12837e-06
 -1.17911e-06 -1.17687e-06 -1.24250e-06 -1.25019e-06 -1.29327e-06
 -1.31454e-06 -1.32006e-06 -1.34686e-06 -1.38194e-06 -1.40926e-06
 -1.45524e-06][ 2.00000000e-01  1.95000000e-01  1.90000000e-01  1.85000000e-01
  1.80000000e-01  1.75000000e-01  1.70000000e-01  1.65000000e-01
  1.60000000e-01  1.55000000e-01  1.50000000e-01  1.45000000e-01
  1.40000000e-01  1.35000000e-01  1.30000000e-01  1.25000000e-01
  1.20000000e-01  1.15000000e-01  1.10000000e-01  1.05000000e-01
  1.00000000e-01  9.50000000e-02  9.00000000e-02  8.50000000e-02
  8.00000000e-02  7.50000000e-02  7.00000000e-02  6.50000000e-02
  6.00000000e-02  5.50000000e-02  5.00000000e-02  4.50000000e-02
  4.00000000e-02  3.50000000e-02  3.00000000e-02  2.50000000e-02
  2.00000000e-02  1.50000000e-02  1.00000000e-02  5.00000000e-03
 -1.66533454e-16 -5.00000000e-03 -1.00000000e-02 -1.50000000e-02
 -2.00000000e-02 -2.50000000e-02 -3.00000000e-02 -3.50000000e-02
 -4.00000000e-02 -4.50000000e-02 -5.00000000e-02 -5.50000000e-02
 -6.00000000e-02 -6.50000000e-02 -7.00000000e-02 -7.50000000e-02
 -8.00000000e-02 -8.50000000e-02 -9.00000000e-02 -9.50000000e-02
 -1.00000000e-01 -1.05000000e-01 -1.10000000e-01 -1.15000000e-01
 -1.20000000e-01 -1.25000000e-01 -1.30000000e-01 -1.35000000e-01
 -1.40000000e-01 -1.45000000e-01 -1.50000000e-01 -1.55000000e-01
 -1.60000000e-01 -1.65000000e-01 -1.70000000e-01 -1.75000000e-01
 -1.80000000e-01 -1.85000000e-01 -1.90000000e-01 -1.95000000e-01
 -2.00000000e-01 -2.05000000e-01 -2.10000000e-01 -2.15000000e-01
 -2.20000000e-01 -2.25000000e-01 -2.30000000e-01 -2.35000000e-01
 -2.40000000e-01 -2.45000000e-01 -2.50000000e-01 -2.55000000e-01
 -2.60000000e-01 -2.65000000e-01 -2.70000000e-01 -2.75000000e-01
 -2.80000000e-01 -2.85000000e-01 -2.90000000e-01 -2.95000000e-01
 -3.00000000e-01 -3.05000000e-01 -3.10000000e-01 -3.15000000e-01
 -3.20000000e-01 -3.25000000e-01 -3.30000000e-01 -3.35000000e-01
 -3.40000000e-01 -3.45000000e-01 -3.50000000e-01 -3.55000000e-01
 -3.60000000e-01 -3.65000000e-01 -3.70000000e-01 -3.75000000e-01
 -3.80000000e-01 -3.85000000e-01 -3.90000000e-01 -3.95000000e-01
 -4.00000000e-01 -4.05000000e-01 -4.10000000e-01 -4.15000000e-01
 -4.20000000e-01 -4.25000000e-01 -4.30000000e-01 -4.35000000e-01
 -4.40000000e-01 -4.45000000e-01 -4.50000000e-01 -4.55000000e-01
 -4.60000000e-01 -4.65000000e-01 -4.70000000e-01 -4.75000000e-01
 -4.80000000e-01 -4.85000000e-01 -4.90000000e-01 -4.95000000e-01
 -5.00000000e-01 -5.05000000e-01 -5.10000000e-01 -5.15000000e-01
 -5.20000000e-01 -5.25000000e-01 -5.30000000e-01 -5.35000000e-01
 -5.40000000e-01 -5.45000000e-01 -5.50000000e-01 -5.55000000e-01
 -5.60000000e-01 -5.65000000e-01 -5.70000000e-01 -5.75000000e-01
 -5.80000000e-01 -5.85000000e-01 -5.90000000e-01 -5.95000000e-01
 -6.00000000e-01 -6.05000000e-01 -6.10000000e-01 -6.15000000e-01
 -6.20000000e-01 -6.25000000e-01 -6.30000000e-01 -6.35000000e-01
 -6.40000000e-01 -6.45000000e-01 -6.50000000e-01 -6.55000000e-01
 -6.60000000e-01 -6.65000000e-01 -6.70000000e-01 -6.75000000e-01
 -6.80000000e-01 -6.85000000e-01 -6.90000000e-01 -6.95000000e-01
 -7.00000000e-01 -7.05000000e-01 -7.10000000e-01 -7.15000000e-01
 -7.20000000e-01 -7.25000000e-01 -7.30000000e-01 -7.35000000e-01
 -7.40000000e-01 -7.45000000e-01 -7.50000000e-01 -7.55000000e-01
 -7.60000000e-01 -7.65000000e-01 -7.70000000e-01 -7.75000000e-01
 -7.80000000e-01 -7.85000000e-01 -7.90000000e-01 -7.95000000e-01
 -8.00000000e-01 -8.05000000e-01 -8.10000000e-01 -8.15000000e-01
 -8.20000000e-01 -8.25000000e-01 -8.30000000e-01 -8.35000000e-01
 -8.40000000e-01 -8.45000000e-01 -8.50000000e-01 -8.55000000e-01
 -8.60000000e-01 -8.65000000e-01 -8.70000000e-01 -8.75000000e-01
 -8.80000000e-01 -8.85000000e-01 -8.90000000e-01 -8.95000000e-01
 -9.00000000e-01 -9.05000000e-01 -9.10000000e-01 -9.15000000e-01
 -9.20000000e-01 -9.25000000e-01 -9.30000000e-01 -9.35000000e-01
 -9.40000000e-01 -9.45000000e-01 -9.50000000e-01 -9.55000000e-01
 -9.60000000e-01 -9.65000000e-01 -9.70000000e-01 -9.75000000e-01
 -9.80000000e-01 -9.85000000e-01 -9.90000000e-01 -9.95000000e-01
 -1.00000000e+00]