[ 1.68740e-09  1.54650e-09  1.55230e-09  1.52350e-09  1.48350e-09
  1.39600e-09  1.44260e-09  1.33810e-09  1.33410e-09  1.24660e-09
  1.26250e-09  1.22830e-09  1.18420e-09  1.16690e-09  1.10700e-09
  1.06570e-09  1.00420e-09  9.67700e-10  9.07100e-10  8.78500e-10
  8.25700e-10  8.13300e-10  7.32200e-10  7.27200e-10  6.62900e-10
  6.45700e-10  5.91900e-10  5.72800e-10  5.40500e-10  5.18700e-10
  4.88700e-10  4.69200e-10  4.56300e-10  4.27800e-10  4.06500e-10
  3.84300e-10  3.74900e-10  3.52200e-10  3.40000e-10  3.15000e-10
  3.04400e-10  3.00900e-10  2.76400e-10  2.58400e-10  2.47200e-10
  2.38500e-10  2.30600e-10  2.15900e-10  2.16800e-10  1.98200e-10
  1.90400e-10  1.95400e-10  1.78100e-10  1.78100e-10  1.69900e-10
  1.62900e-10  1.57500e-10  1.52800e-10  1.49900e-10  1.48300e-10
  1.28900e-10  1.33300e-10  1.26900e-10  1.17500e-10  1.16800e-10
  1.18400e-10  1.05700e-10  1.09800e-10  1.03500e-10  9.59000e-11
  1.02900e-10  1.00500e-10  9.72000e-11  9.05000e-11  8.88000e-11
  8.99000e-11  8.22000e-11  7.97000e-11  8.08000e-11  7.82000e-11
  7.60000e-11  7.39000e-11  7.05000e-11  6.67000e-11  6.55000e-11
  6.53000e-11  6.28000e-11  5.89000e-11  5.71000e-11  5.73000e-11
  5.90000e-11  5.52000e-11  5.25000e-11  5.41000e-11  4.48000e-11
  4.68000e-11  4.63000e-11  3.86000e-11  3.86000e-11  3.50000e-11
  3.32000e-11  3.16000e-11  3.11000e-11  2.86000e-11  2.62000e-11
  2.37000e-11  2.42000e-11  2.27000e-11  2.01000e-11  2.01000e-11
  1.65000e-11  1.09000e-11  8.60000e-12  1.50000e-12  2.70000e-12
 -5.00000e-12 -8.00000e-12 -1.57000e-11 -1.71000e-11 -2.28000e-11
 -3.57000e-11 -3.86000e-11 -4.88000e-11 -6.27000e-11 -7.83000e-11
 -8.99000e-11 -1.11000e-10 -1.33900e-10 -1.62300e-10 -1.74500e-10
 -2.24400e-10 -2.47100e-10 -3.01800e-10 -3.32100e-10 -4.22000e-10
 -4.60800e-10 -5.16800e-10 -6.27400e-10 -6.86100e-10 -8.34000e-10
 -9.22700e-10 -1.14490e-09 -1.25940e-09 -1.49840e-09 -1.66580e-09
 -1.99880e-09 -2.16640e-09 -2.58490e-09 -2.87630e-09 -3.42760e-09
 -3.73870e-09 -4.42260e-09 -4.97870e-09 -5.92710e-09 -6.35990e-09
 -6.87160e-09 -8.43100e-09 -9.05390e-09 -1.05152e-08 -1.16024e-08
 -1.35060e-08 -1.49420e-08 -1.75740e-08 -1.88410e-08 -2.16610e-08
 -2.29850e-08 -2.65350e-08 -2.90200e-08 -3.33440e-08 -3.49790e-08
 -4.08040e-08 -4.35040e-08 -4.63390e-08 -5.33230e-08 -5.57120e-08
 -6.36420e-08 -6.65100e-08 -7.47030e-08 -7.95530e-08 -8.86680e-08
 -9.38700e-08 -1.04442e-07 -1.08566e-07 -1.20182e-07 -1.25527e-07
 -1.39182e-07 -1.47524e-07 -1.58542e-07 -1.64117e-07 -1.73473e-07
 -1.89408e-07 -1.95519e-07 -2.12760e-07 -2.19410e-07 -2.36730e-07
 -2.44580e-07 -2.65470e-07 -2.69960e-07 -2.90290e-07 -2.99250e-07
 -3.19710e-07 -3.30430e-07 -3.50520e-07 -3.56720e-07 -3.78820e-07
 -3.87590e-07 -3.94490e-07 -4.21130e-07 -4.26860e-07 -4.50240e-07
 -4.61990e-07 -4.84100e-07 -4.94750e-07 -5.19580e-07 -5.28750e-07
 -5.55310e-07 -5.61270e-07 -5.95690e-07 -6.00810e-07 -6.34680e-07
 -6.38520e-07 -6.75610e-07 -6.85340e-07 -7.19590e-07 -7.26160e-07
 -7.31920e-07 -7.69380e-07 -7.72950e-07 -8.07090e-07 -8.19160e-07
 -8.50870e-07 -8.48260e-07 -8.99670e-07 -9.02920e-07 -9.36030e-07
 -9.58740e-07 -9.76830e-07 -1.00118e-06 -1.03072e-06 -1.03995e-06
 -1.08127e-06][ 2.00000000e-01  1.95000000e-01  1.90000000e-01  1.85000000e-01
  1.80000000e-01  1.75000000e-01  1.70000000e-01  1.65000000e-01
  1.60000000e-01  1.55000000e-01  1.50000000e-01  1.45000000e-01
  1.40000000e-01  1.35000000e-01  1.30000000e-01  1.25000000e-01
  1.20000000e-01  1.15000000e-01  1.10000000e-01  1.05000000e-01
  1.00000000e-01  9.50000000e-02  9.00000000e-02  8.50000000e-02
  8.00000000e-02  7.50000000e-02  7.00000000e-02  6.50000000e-02
  6.00000000e-02  5.50000000e-02  5.00000000e-02  4.50000000e-02
  4.00000000e-02  3.50000000e-02  3.00000000e-02  2.50000000e-02
  2.00000000e-02  1.50000000e-02  1.00000000e-02  5.00000000e-03
 -1.66533454e-16 -5.00000000e-03 -1.00000000e-02 -1.50000000e-02
 -2.00000000e-02 -2.50000000e-02 -3.00000000e-02 -3.50000000e-02
 -4.00000000e-02 -4.50000000e-02 -5.00000000e-02 -5.50000000e-02
 -6.00000000e-02 -6.50000000e-02 -7.00000000e-02 -7.50000000e-02
 -8.00000000e-02 -8.50000000e-02 -9.00000000e-02 -9.50000000e-02
 -1.00000000e-01 -1.05000000e-01 -1.10000000e-01 -1.15000000e-01
 -1.20000000e-01 -1.25000000e-01 -1.30000000e-01 -1.35000000e-01
 -1.40000000e-01 -1.45000000e-01 -1.50000000e-01 -1.55000000e-01
 -1.60000000e-01 -1.65000000e-01 -1.70000000e-01 -1.75000000e-01
 -1.80000000e-01 -1.85000000e-01 -1.90000000e-01 -1.95000000e-01
 -2.00000000e-01 -2.05000000e-01 -2.10000000e-01 -2.15000000e-01
 -2.20000000e-01 -2.25000000e-01 -2.30000000e-01 -2.35000000e-01
 -2.40000000e-01 -2.45000000e-01 -2.50000000e-01 -2.55000000e-01
 -2.60000000e-01 -2.65000000e-01 -2.70000000e-01 -2.75000000e-01
 -2.80000000e-01 -2.85000000e-01 -2.90000000e-01 -2.95000000e-01
 -3.00000000e-01 -3.05000000e-01 -3.10000000e-01 -3.15000000e-01
 -3.20000000e-01 -3.25000000e-01 -3.30000000e-01 -3.35000000e-01
 -3.40000000e-01 -3.45000000e-01 -3.50000000e-01 -3.55000000e-01
 -3.60000000e-01 -3.65000000e-01 -3.70000000e-01 -3.75000000e-01
 -3.80000000e-01 -3.85000000e-01 -3.90000000e-01 -3.95000000e-01
 -4.00000000e-01 -4.05000000e-01 -4.10000000e-01 -4.15000000e-01
 -4.20000000e-01 -4.25000000e-01 -4.30000000e-01 -4.35000000e-01
 -4.40000000e-01 -4.45000000e-01 -4.50000000e-01 -4.55000000e-01
 -4.60000000e-01 -4.65000000e-01 -4.70000000e-01 -4.75000000e-01
 -4.80000000e-01 -4.85000000e-01 -4.90000000e-01 -4.95000000e-01
 -5.00000000e-01 -5.05000000e-01 -5.10000000e-01 -5.15000000e-01
 -5.20000000e-01 -5.25000000e-01 -5.30000000e-01 -5.35000000e-01
 -5.40000000e-01 -5.45000000e-01 -5.50000000e-01 -5.55000000e-01
 -5.60000000e-01 -5.65000000e-01 -5.70000000e-01 -5.75000000e-01
 -5.80000000e-01 -5.85000000e-01 -5.90000000e-01 -5.95000000e-01
 -6.00000000e-01 -6.05000000e-01 -6.10000000e-01 -6.15000000e-01
 -6.20000000e-01 -6.25000000e-01 -6.30000000e-01 -6.35000000e-01
 -6.40000000e-01 -6.45000000e-01 -6.50000000e-01 -6.55000000e-01
 -6.60000000e-01 -6.65000000e-01 -6.70000000e-01 -6.75000000e-01
 -6.80000000e-01 -6.85000000e-01 -6.90000000e-01 -6.95000000e-01
 -7.00000000e-01 -7.05000000e-01 -7.10000000e-01 -7.15000000e-01
 -7.20000000e-01 -7.25000000e-01 -7.30000000e-01 -7.35000000e-01
 -7.40000000e-01 -7.45000000e-01 -7.50000000e-01 -7.55000000e-01
 -7.60000000e-01 -7.65000000e-01 -7.70000000e-01 -7.75000000e-01
 -7.80000000e-01 -7.85000000e-01 -7.90000000e-01 -7.95000000e-01
 -8.00000000e-01 -8.05000000e-01 -8.10000000e-01 -8.15000000e-01
 -8.20000000e-01 -8.25000000e-01 -8.30000000e-01 -8.35000000e-01
 -8.40000000e-01 -8.45000000e-01 -8.50000000e-01 -8.55000000e-01
 -8.60000000e-01 -8.65000000e-01 -8.70000000e-01 -8.75000000e-01
 -8.80000000e-01 -8.85000000e-01 -8.90000000e-01 -8.95000000e-01
 -9.00000000e-01 -9.05000000e-01 -9.10000000e-01 -9.15000000e-01
 -9.20000000e-01 -9.25000000e-01 -9.30000000e-01 -9.35000000e-01
 -9.40000000e-01 -9.45000000e-01 -9.50000000e-01 -9.55000000e-01
 -9.60000000e-01 -9.65000000e-01 -9.70000000e-01 -9.75000000e-01
 -9.80000000e-01 -9.85000000e-01 -9.90000000e-01 -9.95000000e-01
 -1.00000000e+00]