[ 3.42900e-10  3.37000e-10  3.16900e-10  3.10600e-10  3.02000e-10
  2.89200e-10  2.72500e-10  2.64400e-10  2.53100e-10  2.39600e-10
  2.31000e-10  2.12800e-10  2.11000e-10  2.05100e-10  1.94600e-10
  1.85900e-10  1.76300e-10  1.72300e-10  1.61000e-10  1.49800e-10
  1.39300e-10  1.41400e-10  1.30900e-10  1.24800e-10  1.17700e-10
  1.18300e-10  1.13200e-10  1.08000e-10  1.02800e-10  1.01000e-10
  9.05000e-11  9.00000e-11  9.01000e-11  8.39000e-11  8.41000e-11
  7.80000e-11  7.99000e-11  7.56000e-11  7.21000e-11  6.92000e-11
  6.66000e-11  6.63000e-11  6.67000e-11  6.41000e-11  6.21000e-11
  6.20000e-11  6.00000e-11  6.05000e-11  6.07000e-11  5.79000e-11
  5.84000e-11  5.47000e-11  5.57000e-11  5.40000e-11  4.89000e-11
  5.08000e-11  5.02000e-11  4.89000e-11  4.70000e-11  4.62000e-11
  4.33000e-11  4.22000e-11  4.19000e-11  4.06000e-11  4.08000e-11
  3.81000e-11  3.42000e-11  3.31000e-11  3.26000e-11  2.91000e-11
  3.26000e-11  2.82000e-11  2.99000e-11  2.43000e-11  2.33000e-11
  2.49000e-11  2.03000e-11  2.04000e-11  1.91000e-11  1.96000e-11
  1.98000e-11  1.49000e-11  2.06000e-11  1.56000e-11  1.84000e-11
  1.58000e-11  1.33000e-11  1.62000e-11  1.08000e-11  1.26000e-11
  9.20000e-12  8.40000e-12  6.20000e-12  5.60000e-12  1.60000e-12
  1.20000e-12 -4.60000e-12 -8.20000e-12 -1.22000e-11 -1.59000e-11
 -2.35000e-11 -2.50000e-11 -2.76000e-11 -4.19000e-11 -5.04000e-11
 -6.04000e-11 -7.19000e-11 -8.64000e-11 -1.02000e-10 -1.27600e-10
 -1.47300e-10 -1.77700e-10 -1.94300e-10 -2.38800e-10 -2.62800e-10
 -3.18700e-10 -3.60900e-10 -4.49300e-10 -4.94700e-10 -5.44900e-10
 -6.56000e-10 -7.48100e-10 -8.61400e-10 -9.59800e-10 -1.17850e-09
 -1.30420e-09 -1.54090e-09 -1.69110e-09 -2.00400e-09 -2.25820e-09
 -2.72430e-09 -2.95610e-09 -3.51510e-09 -3.92700e-09 -4.60660e-09
 -5.05160e-09 -5.48130e-09 -6.37110e-09 -6.83460e-09 -8.28760e-09
 -8.77370e-09 -1.06109e-08 -1.14843e-08 -1.32667e-08 -1.47765e-08
 -1.70760e-08 -1.85540e-08 -2.13540e-08 -2.23360e-08 -2.65590e-08
 -2.83320e-08 -3.19940e-08 -3.52050e-08 -3.99290e-08 -4.21240e-08
 -4.52150e-08 -5.15780e-08 -5.52330e-08 -6.09280e-08 -6.55620e-08
 -7.26960e-08 -7.77100e-08 -8.55770e-08 -8.96920e-08 -9.96830e-08
 -1.05799e-07 -1.16369e-07 -1.23096e-07 -1.34938e-07 -1.40435e-07
 -1.55153e-07 -1.60738e-07 -1.66996e-07 -1.82330e-07 -1.86781e-07
 -2.03139e-07 -2.10340e-07 -2.30270e-07 -2.37680e-07 -2.55260e-07
 -2.62160e-07 -2.80020e-07 -2.85370e-07 -3.05500e-07 -3.14440e-07
 -3.37130e-07 -3.44890e-07 -3.66270e-07 -3.73740e-07 -3.84440e-07
 -4.03320e-07 -4.11930e-07 -4.40180e-07 -4.43300e-07 -4.70160e-07
 -4.85350e-07 -5.04460e-07 -5.16070e-07 -5.38580e-07 -5.48070e-07
 -5.74390e-07 -5.82150e-07 -6.07360e-07 -6.20460e-07 -6.44290e-07
 -6.56360e-07 -6.58060e-07 -6.94760e-07 -7.06000e-07 -7.36480e-07
 -7.37960e-07 -7.63030e-07 -7.73510e-07 -8.11600e-07 -8.22680e-07
 -8.48960e-07 -8.56660e-07 -8.88070e-07 -8.86110e-07 -9.29900e-07
 -9.37010e-07 -9.62860e-07 -9.73280e-07 -9.99640e-07 -1.00754e-06
 -1.01589e-06 -1.04042e-06 -1.05353e-06 -1.08472e-06 -1.09520e-06
 -1.12571e-06 -1.12955e-06 -1.17029e-06 -1.18102e-06 -1.20133e-06
 -1.21042e-06 -1.22871e-06 -1.23381e-06 -1.28081e-06 -1.29179e-06
 -1.30943e-06][ 2.00000000e-01  1.95000000e-01  1.90000000e-01  1.85000000e-01
  1.80000000e-01  1.75000000e-01  1.70000000e-01  1.65000000e-01
  1.60000000e-01  1.55000000e-01  1.50000000e-01  1.45000000e-01
  1.40000000e-01  1.35000000e-01  1.30000000e-01  1.25000000e-01
  1.20000000e-01  1.15000000e-01  1.10000000e-01  1.05000000e-01
  1.00000000e-01  9.50000000e-02  9.00000000e-02  8.50000000e-02
  8.00000000e-02  7.50000000e-02  7.00000000e-02  6.50000000e-02
  6.00000000e-02  5.50000000e-02  5.00000000e-02  4.50000000e-02
  4.00000000e-02  3.50000000e-02  3.00000000e-02  2.50000000e-02
  2.00000000e-02  1.50000000e-02  1.00000000e-02  5.00000000e-03
 -1.66533454e-16 -5.00000000e-03 -1.00000000e-02 -1.50000000e-02
 -2.00000000e-02 -2.50000000e-02 -3.00000000e-02 -3.50000000e-02
 -4.00000000e-02 -4.50000000e-02 -5.00000000e-02 -5.50000000e-02
 -6.00000000e-02 -6.50000000e-02 -7.00000000e-02 -7.50000000e-02
 -8.00000000e-02 -8.50000000e-02 -9.00000000e-02 -9.50000000e-02
 -1.00000000e-01 -1.05000000e-01 -1.10000000e-01 -1.15000000e-01
 -1.20000000e-01 -1.25000000e-01 -1.30000000e-01 -1.35000000e-01
 -1.40000000e-01 -1.45000000e-01 -1.50000000e-01 -1.55000000e-01
 -1.60000000e-01 -1.65000000e-01 -1.70000000e-01 -1.75000000e-01
 -1.80000000e-01 -1.85000000e-01 -1.90000000e-01 -1.95000000e-01
 -2.00000000e-01 -2.05000000e-01 -2.10000000e-01 -2.15000000e-01
 -2.20000000e-01 -2.25000000e-01 -2.30000000e-01 -2.35000000e-01
 -2.40000000e-01 -2.45000000e-01 -2.50000000e-01 -2.55000000e-01
 -2.60000000e-01 -2.65000000e-01 -2.70000000e-01 -2.75000000e-01
 -2.80000000e-01 -2.85000000e-01 -2.90000000e-01 -2.95000000e-01
 -3.00000000e-01 -3.05000000e-01 -3.10000000e-01 -3.15000000e-01
 -3.20000000e-01 -3.25000000e-01 -3.30000000e-01 -3.35000000e-01
 -3.40000000e-01 -3.45000000e-01 -3.50000000e-01 -3.55000000e-01
 -3.60000000e-01 -3.65000000e-01 -3.70000000e-01 -3.75000000e-01
 -3.80000000e-01 -3.85000000e-01 -3.90000000e-01 -3.95000000e-01
 -4.00000000e-01 -4.05000000e-01 -4.10000000e-01 -4.15000000e-01
 -4.20000000e-01 -4.25000000e-01 -4.30000000e-01 -4.35000000e-01
 -4.40000000e-01 -4.45000000e-01 -4.50000000e-01 -4.55000000e-01
 -4.60000000e-01 -4.65000000e-01 -4.70000000e-01 -4.75000000e-01
 -4.80000000e-01 -4.85000000e-01 -4.90000000e-01 -4.95000000e-01
 -5.00000000e-01 -5.05000000e-01 -5.10000000e-01 -5.15000000e-01
 -5.20000000e-01 -5.25000000e-01 -5.30000000e-01 -5.35000000e-01
 -5.40000000e-01 -5.45000000e-01 -5.50000000e-01 -5.55000000e-01
 -5.60000000e-01 -5.65000000e-01 -5.70000000e-01 -5.75000000e-01
 -5.80000000e-01 -5.85000000e-01 -5.90000000e-01 -5.95000000e-01
 -6.00000000e-01 -6.05000000e-01 -6.10000000e-01 -6.15000000e-01
 -6.20000000e-01 -6.25000000e-01 -6.30000000e-01 -6.35000000e-01
 -6.40000000e-01 -6.45000000e-01 -6.50000000e-01 -6.55000000e-01
 -6.60000000e-01 -6.65000000e-01 -6.70000000e-01 -6.75000000e-01
 -6.80000000e-01 -6.85000000e-01 -6.90000000e-01 -6.95000000e-01
 -7.00000000e-01 -7.05000000e-01 -7.10000000e-01 -7.15000000e-01
 -7.20000000e-01 -7.25000000e-01 -7.30000000e-01 -7.35000000e-01
 -7.40000000e-01 -7.45000000e-01 -7.50000000e-01 -7.55000000e-01
 -7.60000000e-01 -7.65000000e-01 -7.70000000e-01 -7.75000000e-01
 -7.80000000e-01 -7.85000000e-01 -7.90000000e-01 -7.95000000e-01
 -8.00000000e-01 -8.05000000e-01 -8.10000000e-01 -8.15000000e-01
 -8.20000000e-01 -8.25000000e-01 -8.30000000e-01 -8.35000000e-01
 -8.40000000e-01 -8.45000000e-01 -8.50000000e-01 -8.55000000e-01
 -8.60000000e-01 -8.65000000e-01 -8.70000000e-01 -8.75000000e-01
 -8.80000000e-01 -8.85000000e-01 -8.90000000e-01 -8.95000000e-01
 -9.00000000e-01 -9.05000000e-01 -9.10000000e-01 -9.15000000e-01
 -9.20000000e-01 -9.25000000e-01 -9.30000000e-01 -9.35000000e-01
 -9.40000000e-01 -9.45000000e-01 -9.50000000e-01 -9.55000000e-01
 -9.60000000e-01 -9.65000000e-01 -9.70000000e-01 -9.75000000e-01
 -9.80000000e-01 -9.85000000e-01 -9.90000000e-01 -9.95000000e-01
 -1.00000000e+00]