[ 6.63100e-10  6.09900e-10  5.87000e-10  5.59600e-10  5.28800e-10
  4.89000e-10  5.10600e-10  4.56700e-10  4.44900e-10  4.22000e-10
  4.15500e-10  3.94300e-10  3.99500e-10  3.66400e-10  3.57000e-10
  3.44000e-10  3.15600e-10  3.09900e-10  2.95400e-10  2.87300e-10
  2.73400e-10  2.70900e-10  2.55500e-10  2.47000e-10  2.39400e-10
  2.32400e-10  2.27000e-10  2.14900e-10  2.01100e-10  2.04600e-10
  1.98100e-10  1.88600e-10  1.90200e-10  1.86700e-10  1.78600e-10
  1.74900e-10  1.72700e-10  1.59400e-10  1.57200e-10  1.46600e-10
  1.49700e-10  1.50700e-10  1.43100e-10  1.40400e-10  1.33500e-10
  1.33300e-10  1.25600e-10  1.23600e-10  1.21500e-10  1.21100e-10
  1.15200e-10  1.12900e-10  1.09300e-10  1.00300e-10  1.03100e-10
  1.00200e-10  9.60000e-11  9.56000e-11  9.09000e-11  9.01000e-11
  8.96000e-11  8.83000e-11  8.19000e-11  7.98000e-11  7.65000e-11
  7.41000e-11  7.24000e-11  6.92000e-11  7.16000e-11  6.77000e-11
  6.33000e-11  6.12000e-11  5.56000e-11  5.61000e-11  5.38000e-11
  5.09000e-11  4.71000e-11  4.95000e-11  4.94000e-11  4.49000e-11
  3.90000e-11  3.99000e-11  3.96000e-11  2.82000e-11  3.55000e-11
  2.99000e-11  2.32000e-11  2.33000e-11  1.60000e-11  1.89000e-11
  1.25000e-11  4.80000e-12 -6.00000e-13 -8.90000e-12 -2.09000e-11
 -2.39000e-11 -3.70000e-11 -4.63000e-11 -6.39000e-11 -7.25000e-11
 -9.50000e-11 -1.04400e-10 -1.19500e-10 -1.49000e-10 -1.74400e-10
 -2.09400e-10 -2.32100e-10 -3.03200e-10 -3.39600e-10 -4.16300e-10
 -4.56700e-10 -5.69100e-10 -6.27100e-10 -7.37800e-10 -8.28300e-10
 -9.97900e-10 -1.09590e-09 -1.37630e-09 -1.42960e-09 -1.62370e-09
 -1.90640e-09 -2.07730e-09 -2.48880e-09 -2.71530e-09 -3.31530e-09
 -3.66780e-09 -4.23300e-09 -4.73270e-09 -5.51310e-09 -5.89440e-09
 -7.07270e-09 -7.71630e-09 -9.00690e-09 -9.79000e-09 -1.14441e-08
 -1.24052e-08 -1.36280e-08 -1.56820e-08 -1.70220e-08 -1.96410e-08
 -2.12350e-08 -2.39560e-08 -2.61090e-08 -3.08720e-08 -3.18360e-08
 -3.64850e-08 -3.94400e-08 -4.42430e-08 -4.75490e-08 -5.35920e-08
 -5.69690e-08 -6.46340e-08 -6.83890e-08 -7.64440e-08 -8.06620e-08
 -8.39650e-08 -9.46990e-08 -9.87190e-08 -1.08673e-07 -1.14741e-07
 -1.28192e-07 -1.32575e-07 -1.44680e-07 -1.48976e-07 -1.65981e-07
 -1.70351e-07 -1.85002e-07 -1.93225e-07 -2.08450e-07 -2.12770e-07
 -2.30390e-07 -2.38500e-07 -2.45920e-07 -2.62790e-07 -2.68940e-07
 -2.88120e-07 -2.96860e-07 -3.20630e-07 -3.24730e-07 -3.48640e-07
 -3.56440e-07 -3.74400e-07 -3.87070e-07 -4.03140e-07 -4.17660e-07
 -4.39750e-07 -4.43890e-07 -4.71320e-07 -4.76710e-07 -4.83220e-07
 -5.13160e-07 -5.17280e-07 -5.47790e-07 -5.54100e-07 -5.85350e-07
 -5.90880e-07 -6.14530e-07 -6.22720e-07 -6.54480e-07 -6.64940e-07
 -6.96450e-07 -7.01420e-07 -7.36060e-07 -7.37870e-07 -7.73220e-07
 -7.81450e-07 -7.80840e-07 -8.19090e-07 -8.22200e-07 -8.59470e-07
 -8.74590e-07 -9.05010e-07 -9.11640e-07 -9.45040e-07 -9.39530e-07
 -9.66660e-07 -9.76150e-07 -1.01145e-06 -1.01634e-06 -1.04117e-06
 -1.06009e-06 -1.08900e-06 -1.09589e-06 -1.12735e-06 -1.13719e-06
 -1.13417e-06 -1.16288e-06 -1.16666e-06 -1.19958e-06 -1.21197e-06
 -1.23284e-06 -1.24038e-06 -1.26913e-06 -1.27765e-06 -1.30219e-06
 -1.29429e-06 -1.34070e-06 -1.34617e-06 -1.36058e-06 -1.37309e-06
 -1.40207e-06][ 2.00000000e-01  1.95000000e-01  1.90000000e-01  1.85000000e-01
  1.80000000e-01  1.75000000e-01  1.70000000e-01  1.65000000e-01
  1.60000000e-01  1.55000000e-01  1.50000000e-01  1.45000000e-01
  1.40000000e-01  1.35000000e-01  1.30000000e-01  1.25000000e-01
  1.20000000e-01  1.15000000e-01  1.10000000e-01  1.05000000e-01
  1.00000000e-01  9.50000000e-02  9.00000000e-02  8.50000000e-02
  8.00000000e-02  7.50000000e-02  7.00000000e-02  6.50000000e-02
  6.00000000e-02  5.50000000e-02  5.00000000e-02  4.50000000e-02
  4.00000000e-02  3.50000000e-02  3.00000000e-02  2.50000000e-02
  2.00000000e-02  1.50000000e-02  1.00000000e-02  5.00000000e-03
 -1.66533454e-16 -5.00000000e-03 -1.00000000e-02 -1.50000000e-02
 -2.00000000e-02 -2.50000000e-02 -3.00000000e-02 -3.50000000e-02
 -4.00000000e-02 -4.50000000e-02 -5.00000000e-02 -5.50000000e-02
 -6.00000000e-02 -6.50000000e-02 -7.00000000e-02 -7.50000000e-02
 -8.00000000e-02 -8.50000000e-02 -9.00000000e-02 -9.50000000e-02
 -1.00000000e-01 -1.05000000e-01 -1.10000000e-01 -1.15000000e-01
 -1.20000000e-01 -1.25000000e-01 -1.30000000e-01 -1.35000000e-01
 -1.40000000e-01 -1.45000000e-01 -1.50000000e-01 -1.55000000e-01
 -1.60000000e-01 -1.65000000e-01 -1.70000000e-01 -1.75000000e-01
 -1.80000000e-01 -1.85000000e-01 -1.90000000e-01 -1.95000000e-01
 -2.00000000e-01 -2.05000000e-01 -2.10000000e-01 -2.15000000e-01
 -2.20000000e-01 -2.25000000e-01 -2.30000000e-01 -2.35000000e-01
 -2.40000000e-01 -2.45000000e-01 -2.50000000e-01 -2.55000000e-01
 -2.60000000e-01 -2.65000000e-01 -2.70000000e-01 -2.75000000e-01
 -2.80000000e-01 -2.85000000e-01 -2.90000000e-01 -2.95000000e-01
 -3.00000000e-01 -3.05000000e-01 -3.10000000e-01 -3.15000000e-01
 -3.20000000e-01 -3.25000000e-01 -3.30000000e-01 -3.35000000e-01
 -3.40000000e-01 -3.45000000e-01 -3.50000000e-01 -3.55000000e-01
 -3.60000000e-01 -3.65000000e-01 -3.70000000e-01 -3.75000000e-01
 -3.80000000e-01 -3.85000000e-01 -3.90000000e-01 -3.95000000e-01
 -4.00000000e-01 -4.05000000e-01 -4.10000000e-01 -4.15000000e-01
 -4.20000000e-01 -4.25000000e-01 -4.30000000e-01 -4.35000000e-01
 -4.40000000e-01 -4.45000000e-01 -4.50000000e-01 -4.55000000e-01
 -4.60000000e-01 -4.65000000e-01 -4.70000000e-01 -4.75000000e-01
 -4.80000000e-01 -4.85000000e-01 -4.90000000e-01 -4.95000000e-01
 -5.00000000e-01 -5.05000000e-01 -5.10000000e-01 -5.15000000e-01
 -5.20000000e-01 -5.25000000e-01 -5.30000000e-01 -5.35000000e-01
 -5.40000000e-01 -5.45000000e-01 -5.50000000e-01 -5.55000000e-01
 -5.60000000e-01 -5.65000000e-01 -5.70000000e-01 -5.75000000e-01
 -5.80000000e-01 -5.85000000e-01 -5.90000000e-01 -5.95000000e-01
 -6.00000000e-01 -6.05000000e-01 -6.10000000e-01 -6.15000000e-01
 -6.20000000e-01 -6.25000000e-01 -6.30000000e-01 -6.35000000e-01
 -6.40000000e-01 -6.45000000e-01 -6.50000000e-01 -6.55000000e-01
 -6.60000000e-01 -6.65000000e-01 -6.70000000e-01 -6.75000000e-01
 -6.80000000e-01 -6.85000000e-01 -6.90000000e-01 -6.95000000e-01
 -7.00000000e-01 -7.05000000e-01 -7.10000000e-01 -7.15000000e-01
 -7.20000000e-01 -7.25000000e-01 -7.30000000e-01 -7.35000000e-01
 -7.40000000e-01 -7.45000000e-01 -7.50000000e-01 -7.55000000e-01
 -7.60000000e-01 -7.65000000e-01 -7.70000000e-01 -7.75000000e-01
 -7.80000000e-01 -7.85000000e-01 -7.90000000e-01 -7.95000000e-01
 -8.00000000e-01 -8.05000000e-01 -8.10000000e-01 -8.15000000e-01
 -8.20000000e-01 -8.25000000e-01 -8.30000000e-01 -8.35000000e-01
 -8.40000000e-01 -8.45000000e-01 -8.50000000e-01 -8.55000000e-01
 -8.60000000e-01 -8.65000000e-01 -8.70000000e-01 -8.75000000e-01
 -8.80000000e-01 -8.85000000e-01 -8.90000000e-01 -8.95000000e-01
 -9.00000000e-01 -9.05000000e-01 -9.10000000e-01 -9.15000000e-01
 -9.20000000e-01 -9.25000000e-01 -9.30000000e-01 -9.35000000e-01
 -9.40000000e-01 -9.45000000e-01 -9.50000000e-01 -9.55000000e-01
 -9.60000000e-01 -9.65000000e-01 -9.70000000e-01 -9.75000000e-01
 -9.80000000e-01 -9.85000000e-01 -9.90000000e-01 -9.95000000e-01
 -1.00000000e+00]