[ 3.03370e-09  3.07030e-09  3.11110e-09  3.10500e-09  3.11890e-09
  2.96640e-09  2.96400e-09  2.85030e-09  2.77930e-09  2.64360e-09
  2.63380e-09  2.45800e-09  2.43460e-09  2.37300e-09  2.23310e-09
  2.15550e-09  2.02140e-09  1.93320e-09  1.83200e-09  1.77450e-09
  1.63390e-09  1.59970e-09  1.45190e-09  1.42390e-09  1.28880e-09
  1.22860e-09  1.18070e-09  1.12850e-09  1.03800e-09  1.00890e-09
  9.32300e-10  9.06300e-10  8.74900e-10  7.81300e-10  7.94600e-10
  7.23800e-10  6.84500e-10  6.58900e-10  6.31800e-10  5.70300e-10
  5.56400e-10  5.81600e-10  5.16800e-10  5.01800e-10  4.53500e-10
  4.35500e-10  4.39000e-10  3.99100e-10  3.93600e-10  3.76500e-10
  3.53000e-10  3.49400e-10  3.32300e-10  3.43100e-10  3.02500e-10
  2.98200e-10  2.84200e-10  2.87900e-10  2.63900e-10  2.68200e-10
  2.52800e-10  2.43200e-10  2.29000e-10  2.30300e-10  2.26000e-10
  2.15700e-10  2.08500e-10  2.03800e-10  1.92500e-10  1.82900e-10
  1.81400e-10  1.78500e-10  1.64300e-10  1.61900e-10  1.63300e-10
  1.59700e-10  1.48800e-10  1.49200e-10  1.39000e-10  1.42400e-10
  1.33200e-10  1.27400e-10  1.23600e-10  1.30100e-10  1.11400e-10
  1.03400e-10  1.09600e-10  1.01200e-10  9.74000e-11  9.66000e-11
  9.71000e-11  9.02000e-11  8.26000e-11  8.35000e-11  8.37000e-11
  7.86000e-11  6.90000e-11  7.08000e-11  6.92000e-11  6.58000e-11
  6.52000e-11  6.48000e-11  6.01000e-11  5.22000e-11  5.64000e-11
  5.06000e-11  4.43000e-11  3.47000e-11  3.66000e-11  3.34000e-11
  2.48000e-11  2.23000e-11  2.21000e-11  1.49000e-11  5.80000e-12
 -2.00000e-13 -4.10000e-12 -1.04000e-11 -2.54000e-11 -2.73000e-11
 -4.02000e-11 -4.76000e-11 -6.42000e-11 -7.90000e-11 -9.58000e-11
 -1.16900e-10 -1.46000e-10 -1.66300e-10 -1.99600e-10 -2.46900e-10
 -2.82900e-10 -3.15200e-10 -3.89900e-10 -4.20600e-10 -5.32900e-10
 -5.81100e-10 -6.27300e-10 -7.50000e-10 -8.51100e-10 -1.01390e-09
 -1.12370e-09 -1.37440e-09 -1.50620e-09 -1.83090e-09 -1.94470e-09
 -2.38040e-09 -2.56330e-09 -3.02880e-09 -3.28210e-09 -3.94320e-09
 -4.31980e-09 -5.07390e-09 -5.50390e-09 -6.65500e-09 -7.11530e-09
 -7.79160e-09 -8.75530e-09 -9.74250e-09 -1.15474e-08 -1.25442e-08
 -1.44316e-08 -1.56920e-08 -1.84640e-08 -1.93850e-08 -2.26110e-08
 -2.40500e-08 -2.78870e-08 -2.91330e-08 -3.36090e-08 -3.61580e-08
 -4.11320e-08 -4.40630e-08 -4.61880e-08 -5.36740e-08 -5.64330e-08
 -6.24240e-08 -6.56070e-08 -7.35790e-08 -8.02850e-08 -8.70010e-08
 -9.12570e-08 -9.97980e-08 -1.06353e-07 -1.15991e-07 -1.20695e-07
 -1.31230e-07 -1.38072e-07 -1.51516e-07 -1.58228e-07 -1.62175e-07
 -1.75902e-07 -1.82244e-07 -1.97167e-07 -2.02047e-07 -2.19210e-07
 -2.22300e-07 -2.42300e-07 -2.49090e-07 -2.67190e-07 -2.72280e-07
 -2.88960e-07 -2.96070e-07 -3.18080e-07 -3.23460e-07 -3.44020e-07
 -3.49320e-07 -3.55960e-07 -3.79310e-07 -3.88470e-07 -4.11490e-07
 -4.16930e-07 -4.42680e-07 -4.47920e-07 -4.63490e-07 -4.73120e-07
 -4.97800e-07 -5.09090e-07 -5.29920e-07 -5.42360e-07 -5.71860e-07
 -5.72460e-07 -6.07640e-07 -6.12370e-07 -6.39190e-07 -6.43350e-07
 -6.58630e-07 -6.74600e-07 -6.86810e-07 -7.12810e-07 -7.22630e-07
 -7.53380e-07 -7.58200e-07 -7.97630e-07 -8.03730e-07 -8.34000e-07
 -8.40160e-07 -8.69070e-07 -8.82970e-07 -9.12810e-07 -9.20210e-07
 -9.56680e-07][ 2.00000000e-01  1.95000000e-01  1.90000000e-01  1.85000000e-01
  1.80000000e-01  1.75000000e-01  1.70000000e-01  1.65000000e-01
  1.60000000e-01  1.55000000e-01  1.50000000e-01  1.45000000e-01
  1.40000000e-01  1.35000000e-01  1.30000000e-01  1.25000000e-01
  1.20000000e-01  1.15000000e-01  1.10000000e-01  1.05000000e-01
  1.00000000e-01  9.50000000e-02  9.00000000e-02  8.50000000e-02
  8.00000000e-02  7.50000000e-02  7.00000000e-02  6.50000000e-02
  6.00000000e-02  5.50000000e-02  5.00000000e-02  4.50000000e-02
  4.00000000e-02  3.50000000e-02  3.00000000e-02  2.50000000e-02
  2.00000000e-02  1.50000000e-02  1.00000000e-02  5.00000000e-03
 -1.66533454e-16 -5.00000000e-03 -1.00000000e-02 -1.50000000e-02
 -2.00000000e-02 -2.50000000e-02 -3.00000000e-02 -3.50000000e-02
 -4.00000000e-02 -4.50000000e-02 -5.00000000e-02 -5.50000000e-02
 -6.00000000e-02 -6.50000000e-02 -7.00000000e-02 -7.50000000e-02
 -8.00000000e-02 -8.50000000e-02 -9.00000000e-02 -9.50000000e-02
 -1.00000000e-01 -1.05000000e-01 -1.10000000e-01 -1.15000000e-01
 -1.20000000e-01 -1.25000000e-01 -1.30000000e-01 -1.35000000e-01
 -1.40000000e-01 -1.45000000e-01 -1.50000000e-01 -1.55000000e-01
 -1.60000000e-01 -1.65000000e-01 -1.70000000e-01 -1.75000000e-01
 -1.80000000e-01 -1.85000000e-01 -1.90000000e-01 -1.95000000e-01
 -2.00000000e-01 -2.05000000e-01 -2.10000000e-01 -2.15000000e-01
 -2.20000000e-01 -2.25000000e-01 -2.30000000e-01 -2.35000000e-01
 -2.40000000e-01 -2.45000000e-01 -2.50000000e-01 -2.55000000e-01
 -2.60000000e-01 -2.65000000e-01 -2.70000000e-01 -2.75000000e-01
 -2.80000000e-01 -2.85000000e-01 -2.90000000e-01 -2.95000000e-01
 -3.00000000e-01 -3.05000000e-01 -3.10000000e-01 -3.15000000e-01
 -3.20000000e-01 -3.25000000e-01 -3.30000000e-01 -3.35000000e-01
 -3.40000000e-01 -3.45000000e-01 -3.50000000e-01 -3.55000000e-01
 -3.60000000e-01 -3.65000000e-01 -3.70000000e-01 -3.75000000e-01
 -3.80000000e-01 -3.85000000e-01 -3.90000000e-01 -3.95000000e-01
 -4.00000000e-01 -4.05000000e-01 -4.10000000e-01 -4.15000000e-01
 -4.20000000e-01 -4.25000000e-01 -4.30000000e-01 -4.35000000e-01
 -4.40000000e-01 -4.45000000e-01 -4.50000000e-01 -4.55000000e-01
 -4.60000000e-01 -4.65000000e-01 -4.70000000e-01 -4.75000000e-01
 -4.80000000e-01 -4.85000000e-01 -4.90000000e-01 -4.95000000e-01
 -5.00000000e-01 -5.05000000e-01 -5.10000000e-01 -5.15000000e-01
 -5.20000000e-01 -5.25000000e-01 -5.30000000e-01 -5.35000000e-01
 -5.40000000e-01 -5.45000000e-01 -5.50000000e-01 -5.55000000e-01
 -5.60000000e-01 -5.65000000e-01 -5.70000000e-01 -5.75000000e-01
 -5.80000000e-01 -5.85000000e-01 -5.90000000e-01 -5.95000000e-01
 -6.00000000e-01 -6.05000000e-01 -6.10000000e-01 -6.15000000e-01
 -6.20000000e-01 -6.25000000e-01 -6.30000000e-01 -6.35000000e-01
 -6.40000000e-01 -6.45000000e-01 -6.50000000e-01 -6.55000000e-01
 -6.60000000e-01 -6.65000000e-01 -6.70000000e-01 -6.75000000e-01
 -6.80000000e-01 -6.85000000e-01 -6.90000000e-01 -6.95000000e-01
 -7.00000000e-01 -7.05000000e-01 -7.10000000e-01 -7.15000000e-01
 -7.20000000e-01 -7.25000000e-01 -7.30000000e-01 -7.35000000e-01
 -7.40000000e-01 -7.45000000e-01 -7.50000000e-01 -7.55000000e-01
 -7.60000000e-01 -7.65000000e-01 -7.70000000e-01 -7.75000000e-01
 -7.80000000e-01 -7.85000000e-01 -7.90000000e-01 -7.95000000e-01
 -8.00000000e-01 -8.05000000e-01 -8.10000000e-01 -8.15000000e-01
 -8.20000000e-01 -8.25000000e-01 -8.30000000e-01 -8.35000000e-01
 -8.40000000e-01 -8.45000000e-01 -8.50000000e-01 -8.55000000e-01
 -8.60000000e-01 -8.65000000e-01 -8.70000000e-01 -8.75000000e-01
 -8.80000000e-01 -8.85000000e-01 -8.90000000e-01 -8.95000000e-01
 -9.00000000e-01 -9.05000000e-01 -9.10000000e-01 -9.15000000e-01
 -9.20000000e-01 -9.25000000e-01 -9.30000000e-01 -9.35000000e-01
 -9.40000000e-01 -9.45000000e-01 -9.50000000e-01 -9.55000000e-01
 -9.60000000e-01 -9.65000000e-01 -9.70000000e-01 -9.75000000e-01
 -9.80000000e-01 -9.85000000e-01 -9.90000000e-01 -9.95000000e-01
 -1.00000000e+00]