[ 1.36130e-08  1.27297e-08  1.25525e-08  1.15503e-08  1.15992e-08
  1.11382e-08  1.09820e-08  9.99380e-09  9.94900e-09  9.16650e-09
  9.13030e-09  8.49260e-09  8.17230e-09  8.00310e-09  7.63880e-09
  7.29510e-09  6.97070e-09  6.61510e-09  6.16100e-09  6.02420e-09
  5.62580e-09  5.48850e-09  5.30400e-09  5.04560e-09  4.64970e-09
  4.60610e-09  4.26510e-09  4.17200e-09  3.79740e-09  3.80330e-09
  3.52750e-09  3.34830e-09  3.50200e-09  3.29330e-09  3.07850e-09
  2.84610e-09  2.77950e-09  2.64970e-09  2.62200e-09  2.42320e-09
  2.30910e-09  2.30180e-09  2.07070e-09  2.01240e-09  2.04500e-09
  1.85780e-09  1.84910e-09  1.66940e-09  1.73950e-09  1.65120e-09
  1.59890e-09  1.50120e-09  1.41450e-09  1.34730e-09  1.26370e-09
  1.26090e-09  1.15170e-09  1.23830e-09  1.17290e-09  1.14030e-09
  1.04710e-09  1.04460e-09  9.63300e-10  9.64000e-10  8.76100e-10
  8.98700e-10  8.40900e-10  8.37100e-10  8.08900e-10  7.84900e-10
  7.47100e-10  7.06700e-10  7.00800e-10  7.02500e-10  6.82600e-10
  6.34000e-10  6.28800e-10  6.11300e-10  5.86800e-10  5.74000e-10
  5.41300e-10  4.65900e-10  4.67200e-10  4.69300e-10  4.67100e-10
  4.38800e-10  4.21200e-10  4.29500e-10  3.92400e-10  3.78700e-10
  3.45700e-10  3.69600e-10  3.32000e-10  3.13700e-10  3.29300e-10
  2.96900e-10  2.74600e-10  2.71500e-10  2.76200e-10  2.64700e-10
  2.42100e-10  2.36500e-10  2.32900e-10  2.15000e-10  2.03900e-10
  1.93400e-10  1.91500e-10  1.68800e-10  1.59500e-10  1.48900e-10
  1.42200e-10  1.23700e-10  1.17600e-10  1.06600e-10  9.09000e-11
  6.17000e-11  6.15000e-11  3.87000e-11  2.22000e-11  2.90000e-12
 -2.55000e-11 -3.16000e-11 -8.39000e-11 -1.08200e-10 -1.49800e-10
 -1.79500e-10 -2.40600e-10 -2.73900e-10 -3.47500e-10 -3.97200e-10
 -5.16800e-10 -5.67600e-10 -6.82000e-10 -7.87600e-10 -9.74300e-10
 -1.04180e-09 -1.12250e-09 -1.39550e-09 -1.55120e-09 -1.86880e-09
 -2.00720e-09 -2.40130e-09 -2.52280e-09 -3.05110e-09 -3.49740e-09
 -4.06300e-09 -4.39840e-09 -5.16330e-09 -5.88150e-09 -6.95410e-09
 -7.21680e-09 -8.68090e-09 -8.92310e-09 -1.09281e-08 -1.17777e-08
 -1.26966e-08 -1.44985e-08 -1.58870e-08 -1.82970e-08 -1.93660e-08
 -2.20540e-08 -2.40060e-08 -2.71700e-08 -2.96240e-08 -3.35400e-08
 -3.60180e-08 -4.01120e-08 -4.35250e-08 -4.84090e-08 -5.07110e-08
 -5.84930e-08 -6.11710e-08 -6.36340e-08 -7.25670e-08 -7.47900e-08
 -8.44740e-08 -8.87910e-08 -9.83460e-08 -1.03102e-07 -1.11668e-07
 -1.16726e-07 -1.29663e-07 -1.35875e-07 -1.48845e-07 -1.56339e-07
 -1.67621e-07 -1.74097e-07 -1.87289e-07 -1.96134e-07 -2.02782e-07
 -2.19460e-07 -2.28760e-07 -2.41110e-07 -2.49080e-07 -2.68220e-07
 -2.71620e-07 -2.91350e-07 -2.97480e-07 -3.18460e-07 -3.29750e-07
 -3.49630e-07 -3.56090e-07 -3.75440e-07 -3.85290e-07 -4.10350e-07
 -4.17110e-07 -4.27680e-07 -4.52370e-07 -4.59690e-07 -4.81790e-07
 -4.94550e-07 -5.14910e-07 -5.26980e-07 -5.48670e-07 -5.62180e-07
 -5.88860e-07 -5.93230e-07 -6.19210e-07 -6.28060e-07 -6.53730e-07
 -6.65050e-07 -6.96120e-07 -7.03280e-07 -7.37850e-07 -7.46770e-07
 -7.57710e-07 -7.84900e-07 -7.89720e-07 -8.24930e-07 -8.38810e-07
 -8.71650e-07 -8.69370e-07 -9.16450e-07 -9.23450e-07 -9.63290e-07
 -9.63750e-07 -1.01243e-06 -1.01862e-06 -1.06312e-06 -1.07197e-06
 -1.10595e-06][ 2.00000000e-01  1.95000000e-01  1.90000000e-01  1.85000000e-01
  1.80000000e-01  1.75000000e-01  1.70000000e-01  1.65000000e-01
  1.60000000e-01  1.55000000e-01  1.50000000e-01  1.45000000e-01
  1.40000000e-01  1.35000000e-01  1.30000000e-01  1.25000000e-01
  1.20000000e-01  1.15000000e-01  1.10000000e-01  1.05000000e-01
  1.00000000e-01  9.50000000e-02  9.00000000e-02  8.50000000e-02
  8.00000000e-02  7.50000000e-02  7.00000000e-02  6.50000000e-02
  6.00000000e-02  5.50000000e-02  5.00000000e-02  4.50000000e-02
  4.00000000e-02  3.50000000e-02  3.00000000e-02  2.50000000e-02
  2.00000000e-02  1.50000000e-02  1.00000000e-02  5.00000000e-03
 -1.66533454e-16 -5.00000000e-03 -1.00000000e-02 -1.50000000e-02
 -2.00000000e-02 -2.50000000e-02 -3.00000000e-02 -3.50000000e-02
 -4.00000000e-02 -4.50000000e-02 -5.00000000e-02 -5.50000000e-02
 -6.00000000e-02 -6.50000000e-02 -7.00000000e-02 -7.50000000e-02
 -8.00000000e-02 -8.50000000e-02 -9.00000000e-02 -9.50000000e-02
 -1.00000000e-01 -1.05000000e-01 -1.10000000e-01 -1.15000000e-01
 -1.20000000e-01 -1.25000000e-01 -1.30000000e-01 -1.35000000e-01
 -1.40000000e-01 -1.45000000e-01 -1.50000000e-01 -1.55000000e-01
 -1.60000000e-01 -1.65000000e-01 -1.70000000e-01 -1.75000000e-01
 -1.80000000e-01 -1.85000000e-01 -1.90000000e-01 -1.95000000e-01
 -2.00000000e-01 -2.05000000e-01 -2.10000000e-01 -2.15000000e-01
 -2.20000000e-01 -2.25000000e-01 -2.30000000e-01 -2.35000000e-01
 -2.40000000e-01 -2.45000000e-01 -2.50000000e-01 -2.55000000e-01
 -2.60000000e-01 -2.65000000e-01 -2.70000000e-01 -2.75000000e-01
 -2.80000000e-01 -2.85000000e-01 -2.90000000e-01 -2.95000000e-01
 -3.00000000e-01 -3.05000000e-01 -3.10000000e-01 -3.15000000e-01
 -3.20000000e-01 -3.25000000e-01 -3.30000000e-01 -3.35000000e-01
 -3.40000000e-01 -3.45000000e-01 -3.50000000e-01 -3.55000000e-01
 -3.60000000e-01 -3.65000000e-01 -3.70000000e-01 -3.75000000e-01
 -3.80000000e-01 -3.85000000e-01 -3.90000000e-01 -3.95000000e-01
 -4.00000000e-01 -4.05000000e-01 -4.10000000e-01 -4.15000000e-01
 -4.20000000e-01 -4.25000000e-01 -4.30000000e-01 -4.35000000e-01
 -4.40000000e-01 -4.45000000e-01 -4.50000000e-01 -4.55000000e-01
 -4.60000000e-01 -4.65000000e-01 -4.70000000e-01 -4.75000000e-01
 -4.80000000e-01 -4.85000000e-01 -4.90000000e-01 -4.95000000e-01
 -5.00000000e-01 -5.05000000e-01 -5.10000000e-01 -5.15000000e-01
 -5.20000000e-01 -5.25000000e-01 -5.30000000e-01 -5.35000000e-01
 -5.40000000e-01 -5.45000000e-01 -5.50000000e-01 -5.55000000e-01
 -5.60000000e-01 -5.65000000e-01 -5.70000000e-01 -5.75000000e-01
 -5.80000000e-01 -5.85000000e-01 -5.90000000e-01 -5.95000000e-01
 -6.00000000e-01 -6.05000000e-01 -6.10000000e-01 -6.15000000e-01
 -6.20000000e-01 -6.25000000e-01 -6.30000000e-01 -6.35000000e-01
 -6.40000000e-01 -6.45000000e-01 -6.50000000e-01 -6.55000000e-01
 -6.60000000e-01 -6.65000000e-01 -6.70000000e-01 -6.75000000e-01
 -6.80000000e-01 -6.85000000e-01 -6.90000000e-01 -6.95000000e-01
 -7.00000000e-01 -7.05000000e-01 -7.10000000e-01 -7.15000000e-01
 -7.20000000e-01 -7.25000000e-01 -7.30000000e-01 -7.35000000e-01
 -7.40000000e-01 -7.45000000e-01 -7.50000000e-01 -7.55000000e-01
 -7.60000000e-01 -7.65000000e-01 -7.70000000e-01 -7.75000000e-01
 -7.80000000e-01 -7.85000000e-01 -7.90000000e-01 -7.95000000e-01
 -8.00000000e-01 -8.05000000e-01 -8.10000000e-01 -8.15000000e-01
 -8.20000000e-01 -8.25000000e-01 -8.30000000e-01 -8.35000000e-01
 -8.40000000e-01 -8.45000000e-01 -8.50000000e-01 -8.55000000e-01
 -8.60000000e-01 -8.65000000e-01 -8.70000000e-01 -8.75000000e-01
 -8.80000000e-01 -8.85000000e-01 -8.90000000e-01 -8.95000000e-01
 -9.00000000e-01 -9.05000000e-01 -9.10000000e-01 -9.15000000e-01
 -9.20000000e-01 -9.25000000e-01 -9.30000000e-01 -9.35000000e-01
 -9.40000000e-01 -9.45000000e-01 -9.50000000e-01 -9.55000000e-01
 -9.60000000e-01 -9.65000000e-01 -9.70000000e-01 -9.75000000e-01
 -9.80000000e-01 -9.85000000e-01 -9.90000000e-01 -9.95000000e-01
 -1.00000000e+00]