[ 1.09360e-09  1.06600e-09  1.08070e-09  1.03530e-09  1.02980e-09
  9.74500e-10  9.51300e-10  8.86700e-10  8.65500e-10  7.81100e-10
  7.77600e-10  7.24800e-10  7.16300e-10  6.69800e-10  6.21400e-10
  5.96400e-10  5.60100e-10  5.41700e-10  4.92200e-10  4.63000e-10
  4.23100e-10  4.22100e-10  3.86400e-10  3.81900e-10  3.46300e-10
  3.30900e-10  3.08900e-10  3.02400e-10  2.83700e-10  2.65100e-10
  2.46500e-10  2.45400e-10  2.36100e-10  2.19600e-10  2.19200e-10
  2.02400e-10  1.94300e-10  1.81900e-10  1.79200e-10  1.61300e-10
  1.65500e-10  1.63300e-10  1.45900e-10  1.40100e-10  1.38300e-10
  1.31000e-10  1.26300e-10  1.23700e-10  1.17200e-10  1.17900e-10
  1.13300e-10  1.08400e-10  1.05600e-10  1.02100e-10  9.88000e-11
  9.61000e-11  9.23000e-11  9.58000e-11  8.76000e-11  8.54000e-11
  8.44000e-11  7.45000e-11  7.84000e-11  8.04000e-11  6.86000e-11
  6.98000e-11  7.10000e-11  6.83000e-11  6.60000e-11  6.38000e-11
  6.06000e-11  6.27000e-11  6.16000e-11  5.59000e-11  5.82000e-11
  5.41000e-11  4.98000e-11  5.12000e-11  4.54000e-11  4.69000e-11
  4.47000e-11  4.17000e-11  4.21000e-11  4.23000e-11  4.19000e-11
  3.85000e-11  3.39000e-11  3.67000e-11  3.31000e-11  3.20000e-11
  2.59000e-11  3.00000e-11  2.76000e-11  2.68000e-11  2.67000e-11
  2.54000e-11  2.03000e-11  1.74000e-11  1.93000e-11  1.57000e-11
  1.33000e-11  1.49000e-11  1.38000e-11  3.90000e-12  9.10000e-12
  2.40000e-12  4.50000e-12 -5.00000e-12 -7.30000e-12 -1.26000e-11
 -1.30000e-11 -2.62000e-11 -2.68000e-11 -3.90000e-11 -4.22000e-11
 -5.89000e-11 -6.57000e-11 -8.75000e-11 -9.53000e-11 -1.09400e-10
 -1.34700e-10 -1.49100e-10 -1.85000e-10 -2.12500e-10 -2.66200e-10
 -2.88900e-10 -3.58000e-10 -3.91800e-10 -4.87400e-10 -5.34700e-10
 -6.46500e-10 -7.35400e-10 -8.75000e-10 -9.71300e-10 -1.14740e-09
 -1.28510e-09 -1.43630e-09 -1.70040e-09 -1.87050e-09 -2.23280e-09
 -2.39110e-09 -2.89590e-09 -3.19310e-09 -3.87130e-09 -4.29630e-09
 -5.08820e-09 -5.46260e-09 -6.37470e-09 -7.14320e-09 -8.09530e-09
 -8.98090e-09 -1.06713e-08 -1.16114e-08 -1.34676e-08 -1.49235e-08
 -1.58910e-08 -1.84050e-08 -2.01350e-08 -2.30370e-08 -2.50890e-08
 -2.82710e-08 -3.07480e-08 -3.54910e-08 -3.80230e-08 -4.32850e-08
 -4.56430e-08 -5.25410e-08 -5.63600e-08 -6.32530e-08 -6.73230e-08
 -7.58020e-08 -7.91100e-08 -8.37430e-08 -9.26620e-08 -9.85070e-08
 -1.09436e-07 -1.14048e-07 -1.25048e-07 -1.30257e-07 -1.42878e-07
 -1.49714e-07 -1.63281e-07 -1.71289e-07 -1.84955e-07 -1.92797e-07
 -2.09190e-07 -2.16670e-07 -2.34280e-07 -2.39730e-07 -2.47160e-07
 -2.65660e-07 -2.76020e-07 -2.96020e-07 -3.01970e-07 -3.21150e-07
 -3.26330e-07 -3.49550e-07 -3.57480e-07 -3.76650e-07 -3.85920e-07
 -4.11930e-07 -4.14820e-07 -4.38710e-07 -4.50970e-07 -4.73770e-07
 -4.82440e-07 -4.90460e-07 -5.19430e-07 -5.26020e-07 -5.55540e-07
 -5.62770e-07 -5.89720e-07 -5.85270e-07 -6.19240e-07 -6.38280e-07
 -6.57280e-07 -6.60410e-07 -6.97090e-07 -7.12290e-07 -7.28190e-07
 -7.36700e-07 -7.63380e-07 -7.87050e-07 -8.12310e-07 -8.18890e-07
 -8.31710e-07 -8.58040e-07 -8.60750e-07 -8.98660e-07 -9.07840e-07
 -9.39070e-07 -9.46770e-07 -9.77820e-07 -9.89760e-07 -1.02751e-06
 -1.03789e-06 -1.06275e-06 -1.08002e-06 -1.10440e-06 -1.12570e-06
 -1.16518e-06][ 2.00000000e-01  1.95000000e-01  1.90000000e-01  1.85000000e-01
  1.80000000e-01  1.75000000e-01  1.70000000e-01  1.65000000e-01
  1.60000000e-01  1.55000000e-01  1.50000000e-01  1.45000000e-01
  1.40000000e-01  1.35000000e-01  1.30000000e-01  1.25000000e-01
  1.20000000e-01  1.15000000e-01  1.10000000e-01  1.05000000e-01
  1.00000000e-01  9.50000000e-02  9.00000000e-02  8.50000000e-02
  8.00000000e-02  7.50000000e-02  7.00000000e-02  6.50000000e-02
  6.00000000e-02  5.50000000e-02  5.00000000e-02  4.50000000e-02
  4.00000000e-02  3.50000000e-02  3.00000000e-02  2.50000000e-02
  2.00000000e-02  1.50000000e-02  1.00000000e-02  5.00000000e-03
 -1.66533454e-16 -5.00000000e-03 -1.00000000e-02 -1.50000000e-02
 -2.00000000e-02 -2.50000000e-02 -3.00000000e-02 -3.50000000e-02
 -4.00000000e-02 -4.50000000e-02 -5.00000000e-02 -5.50000000e-02
 -6.00000000e-02 -6.50000000e-02 -7.00000000e-02 -7.50000000e-02
 -8.00000000e-02 -8.50000000e-02 -9.00000000e-02 -9.50000000e-02
 -1.00000000e-01 -1.05000000e-01 -1.10000000e-01 -1.15000000e-01
 -1.20000000e-01 -1.25000000e-01 -1.30000000e-01 -1.35000000e-01
 -1.40000000e-01 -1.45000000e-01 -1.50000000e-01 -1.55000000e-01
 -1.60000000e-01 -1.65000000e-01 -1.70000000e-01 -1.75000000e-01
 -1.80000000e-01 -1.85000000e-01 -1.90000000e-01 -1.95000000e-01
 -2.00000000e-01 -2.05000000e-01 -2.10000000e-01 -2.15000000e-01
 -2.20000000e-01 -2.25000000e-01 -2.30000000e-01 -2.35000000e-01
 -2.40000000e-01 -2.45000000e-01 -2.50000000e-01 -2.55000000e-01
 -2.60000000e-01 -2.65000000e-01 -2.70000000e-01 -2.75000000e-01
 -2.80000000e-01 -2.85000000e-01 -2.90000000e-01 -2.95000000e-01
 -3.00000000e-01 -3.05000000e-01 -3.10000000e-01 -3.15000000e-01
 -3.20000000e-01 -3.25000000e-01 -3.30000000e-01 -3.35000000e-01
 -3.40000000e-01 -3.45000000e-01 -3.50000000e-01 -3.55000000e-01
 -3.60000000e-01 -3.65000000e-01 -3.70000000e-01 -3.75000000e-01
 -3.80000000e-01 -3.85000000e-01 -3.90000000e-01 -3.95000000e-01
 -4.00000000e-01 -4.05000000e-01 -4.10000000e-01 -4.15000000e-01
 -4.20000000e-01 -4.25000000e-01 -4.30000000e-01 -4.35000000e-01
 -4.40000000e-01 -4.45000000e-01 -4.50000000e-01 -4.55000000e-01
 -4.60000000e-01 -4.65000000e-01 -4.70000000e-01 -4.75000000e-01
 -4.80000000e-01 -4.85000000e-01 -4.90000000e-01 -4.95000000e-01
 -5.00000000e-01 -5.05000000e-01 -5.10000000e-01 -5.15000000e-01
 -5.20000000e-01 -5.25000000e-01 -5.30000000e-01 -5.35000000e-01
 -5.40000000e-01 -5.45000000e-01 -5.50000000e-01 -5.55000000e-01
 -5.60000000e-01 -5.65000000e-01 -5.70000000e-01 -5.75000000e-01
 -5.80000000e-01 -5.85000000e-01 -5.90000000e-01 -5.95000000e-01
 -6.00000000e-01 -6.05000000e-01 -6.10000000e-01 -6.15000000e-01
 -6.20000000e-01 -6.25000000e-01 -6.30000000e-01 -6.35000000e-01
 -6.40000000e-01 -6.45000000e-01 -6.50000000e-01 -6.55000000e-01
 -6.60000000e-01 -6.65000000e-01 -6.70000000e-01 -6.75000000e-01
 -6.80000000e-01 -6.85000000e-01 -6.90000000e-01 -6.95000000e-01
 -7.00000000e-01 -7.05000000e-01 -7.10000000e-01 -7.15000000e-01
 -7.20000000e-01 -7.25000000e-01 -7.30000000e-01 -7.35000000e-01
 -7.40000000e-01 -7.45000000e-01 -7.50000000e-01 -7.55000000e-01
 -7.60000000e-01 -7.65000000e-01 -7.70000000e-01 -7.75000000e-01
 -7.80000000e-01 -7.85000000e-01 -7.90000000e-01 -7.95000000e-01
 -8.00000000e-01 -8.05000000e-01 -8.10000000e-01 -8.15000000e-01
 -8.20000000e-01 -8.25000000e-01 -8.30000000e-01 -8.35000000e-01
 -8.40000000e-01 -8.45000000e-01 -8.50000000e-01 -8.55000000e-01
 -8.60000000e-01 -8.65000000e-01 -8.70000000e-01 -8.75000000e-01
 -8.80000000e-01 -8.85000000e-01 -8.90000000e-01 -8.95000000e-01
 -9.00000000e-01 -9.05000000e-01 -9.10000000e-01 -9.15000000e-01
 -9.20000000e-01 -9.25000000e-01 -9.30000000e-01 -9.35000000e-01
 -9.40000000e-01 -9.45000000e-01 -9.50000000e-01 -9.55000000e-01
 -9.60000000e-01 -9.65000000e-01 -9.70000000e-01 -9.75000000e-01
 -9.80000000e-01 -9.85000000e-01 -9.90000000e-01 -9.95000000e-01
 -1.00000000e+00]