[ 8.25730e-09  7.40490e-09  6.91410e-09  6.32890e-09  6.56580e-09
  6.29650e-09  6.15400e-09  5.78950e-09  5.67870e-09  5.48570e-09
  5.34460e-09  5.03270e-09  4.89420e-09  4.78100e-09  4.38650e-09
  4.30780e-09  4.11960e-09  4.04430e-09  3.77970e-09  3.66600e-09
  3.48420e-09  3.41360e-09  3.32200e-09  3.12860e-09  3.00110e-09
  2.82340e-09  2.69800e-09  2.61940e-09  2.47360e-09  2.38600e-09
  2.27130e-09  2.31900e-09  2.18750e-09  2.08220e-09  2.00140e-09
  1.85860e-09  1.84990e-09  1.71790e-09  1.66830e-09  1.56510e-09
  1.51460e-09  1.48570e-09  1.34750e-09  1.24200e-09  1.24650e-09
  1.15750e-09  1.16870e-09  1.08270e-09  1.05650e-09  1.09450e-09
  9.84800e-10  9.09300e-10  9.17200e-10  9.20100e-10  8.45400e-10
  8.20900e-10  7.78200e-10  7.66500e-10  7.48600e-10  7.30800e-10
  6.95500e-10  6.66200e-10  6.38000e-10  6.26600e-10  6.02900e-10
  5.95400e-10  5.61400e-10  5.57200e-10  5.14700e-10  5.00800e-10
  4.98900e-10  4.74500e-10  4.68200e-10  4.52600e-10  4.13600e-10
  4.24900e-10  3.92100e-10  3.91500e-10  3.78500e-10  3.61900e-10
  3.28000e-10  3.22700e-10  3.01100e-10  3.04300e-10  2.79800e-10
  2.98800e-10  2.80800e-10  2.77900e-10  2.51300e-10  2.61900e-10
  2.37800e-10  2.14400e-10  2.18600e-10  2.15100e-10  1.95500e-10
  1.91200e-10  1.94400e-10  1.87400e-10  1.73500e-10  1.70000e-10
  1.71500e-10  1.50800e-10  1.48700e-10  1.46100e-10  1.34900e-10
  1.29200e-10  1.22300e-10  1.14500e-10  1.16200e-10  9.40000e-11
  9.66000e-11  8.24000e-11  7.86000e-11  7.04000e-11  6.92000e-11
  6.34000e-11  5.48000e-11  4.61000e-11  3.70000e-11  3.23000e-11
  1.92000e-11  7.80000e-12 -7.50000e-12 -2.09000e-11 -4.38000e-11
 -5.87000e-11 -8.25000e-11 -1.07500e-10 -1.45000e-10 -1.65200e-10
 -2.03900e-10 -2.45700e-10 -3.18300e-10 -3.50800e-10 -4.46700e-10
 -4.74800e-10 -5.30200e-10 -6.44100e-10 -7.08300e-10 -8.89700e-10
 -9.67900e-10 -1.15810e-09 -1.29220e-09 -1.55490e-09 -1.74540e-09
 -2.14530e-09 -2.31620e-09 -2.82140e-09 -3.06010e-09 -3.57100e-09
 -3.96940e-09 -4.49010e-09 -4.94160e-09 -5.80870e-09 -6.19730e-09
 -6.86210e-09 -8.11280e-09 -8.64600e-09 -1.00085e-08 -1.11391e-08
 -1.28926e-08 -1.39909e-08 -1.62540e-08 -1.79230e-08 -2.02930e-08
 -2.14760e-08 -2.55350e-08 -2.65650e-08 -2.98920e-08 -3.23430e-08
 -3.66680e-08 -3.95520e-08 -4.15470e-08 -4.70710e-08 -5.01750e-08
 -5.72200e-08 -6.08110e-08 -6.74770e-08 -7.11370e-08 -7.79790e-08
 -8.27790e-08 -9.24080e-08 -9.88280e-08 -1.07281e-07 -1.13904e-07
 -1.23220e-07 -1.29013e-07 -1.40516e-07 -1.47248e-07 -1.53876e-07
 -1.67305e-07 -1.72946e-07 -1.89244e-07 -1.96343e-07 -2.10390e-07
 -2.18510e-07 -2.34020e-07 -2.44550e-07 -2.59770e-07 -2.68830e-07
 -2.86170e-07 -2.92200e-07 -3.14000e-07 -3.19730e-07 -3.43290e-07
 -3.49930e-07 -3.54420e-07 -3.72070e-07 -3.85030e-07 -4.10520e-07
 -4.15810e-07 -4.38900e-07 -4.48710e-07 -4.68250e-07 -4.79320e-07
 -5.02930e-07 -5.13920e-07 -5.34950e-07 -5.48610e-07 -5.71840e-07
 -5.80910e-07 -6.05730e-07 -6.14930e-07 -6.43630e-07 -6.51880e-07
 -6.61230e-07 -6.94640e-07 -7.09590e-07 -7.30020e-07 -7.43350e-07
 -7.70910e-07 -7.81840e-07 -8.20770e-07 -8.27090e-07 -8.63420e-07
 -8.68870e-07 -9.10920e-07 -9.16340e-07 -9.49020e-07 -9.68290e-07
 -1.00916e-06][ 2.00000000e-01  1.95000000e-01  1.90000000e-01  1.85000000e-01
  1.80000000e-01  1.75000000e-01  1.70000000e-01  1.65000000e-01
  1.60000000e-01  1.55000000e-01  1.50000000e-01  1.45000000e-01
  1.40000000e-01  1.35000000e-01  1.30000000e-01  1.25000000e-01
  1.20000000e-01  1.15000000e-01  1.10000000e-01  1.05000000e-01
  1.00000000e-01  9.50000000e-02  9.00000000e-02  8.50000000e-02
  8.00000000e-02  7.50000000e-02  7.00000000e-02  6.50000000e-02
  6.00000000e-02  5.50000000e-02  5.00000000e-02  4.50000000e-02
  4.00000000e-02  3.50000000e-02  3.00000000e-02  2.50000000e-02
  2.00000000e-02  1.50000000e-02  1.00000000e-02  5.00000000e-03
 -1.66533454e-16 -5.00000000e-03 -1.00000000e-02 -1.50000000e-02
 -2.00000000e-02 -2.50000000e-02 -3.00000000e-02 -3.50000000e-02
 -4.00000000e-02 -4.50000000e-02 -5.00000000e-02 -5.50000000e-02
 -6.00000000e-02 -6.50000000e-02 -7.00000000e-02 -7.50000000e-02
 -8.00000000e-02 -8.50000000e-02 -9.00000000e-02 -9.50000000e-02
 -1.00000000e-01 -1.05000000e-01 -1.10000000e-01 -1.15000000e-01
 -1.20000000e-01 -1.25000000e-01 -1.30000000e-01 -1.35000000e-01
 -1.40000000e-01 -1.45000000e-01 -1.50000000e-01 -1.55000000e-01
 -1.60000000e-01 -1.65000000e-01 -1.70000000e-01 -1.75000000e-01
 -1.80000000e-01 -1.85000000e-01 -1.90000000e-01 -1.95000000e-01
 -2.00000000e-01 -2.05000000e-01 -2.10000000e-01 -2.15000000e-01
 -2.20000000e-01 -2.25000000e-01 -2.30000000e-01 -2.35000000e-01
 -2.40000000e-01 -2.45000000e-01 -2.50000000e-01 -2.55000000e-01
 -2.60000000e-01 -2.65000000e-01 -2.70000000e-01 -2.75000000e-01
 -2.80000000e-01 -2.85000000e-01 -2.90000000e-01 -2.95000000e-01
 -3.00000000e-01 -3.05000000e-01 -3.10000000e-01 -3.15000000e-01
 -3.20000000e-01 -3.25000000e-01 -3.30000000e-01 -3.35000000e-01
 -3.40000000e-01 -3.45000000e-01 -3.50000000e-01 -3.55000000e-01
 -3.60000000e-01 -3.65000000e-01 -3.70000000e-01 -3.75000000e-01
 -3.80000000e-01 -3.85000000e-01 -3.90000000e-01 -3.95000000e-01
 -4.00000000e-01 -4.05000000e-01 -4.10000000e-01 -4.15000000e-01
 -4.20000000e-01 -4.25000000e-01 -4.30000000e-01 -4.35000000e-01
 -4.40000000e-01 -4.45000000e-01 -4.50000000e-01 -4.55000000e-01
 -4.60000000e-01 -4.65000000e-01 -4.70000000e-01 -4.75000000e-01
 -4.80000000e-01 -4.85000000e-01 -4.90000000e-01 -4.95000000e-01
 -5.00000000e-01 -5.05000000e-01 -5.10000000e-01 -5.15000000e-01
 -5.20000000e-01 -5.25000000e-01 -5.30000000e-01 -5.35000000e-01
 -5.40000000e-01 -5.45000000e-01 -5.50000000e-01 -5.55000000e-01
 -5.60000000e-01 -5.65000000e-01 -5.70000000e-01 -5.75000000e-01
 -5.80000000e-01 -5.85000000e-01 -5.90000000e-01 -5.95000000e-01
 -6.00000000e-01 -6.05000000e-01 -6.10000000e-01 -6.15000000e-01
 -6.20000000e-01 -6.25000000e-01 -6.30000000e-01 -6.35000000e-01
 -6.40000000e-01 -6.45000000e-01 -6.50000000e-01 -6.55000000e-01
 -6.60000000e-01 -6.65000000e-01 -6.70000000e-01 -6.75000000e-01
 -6.80000000e-01 -6.85000000e-01 -6.90000000e-01 -6.95000000e-01
 -7.00000000e-01 -7.05000000e-01 -7.10000000e-01 -7.15000000e-01
 -7.20000000e-01 -7.25000000e-01 -7.30000000e-01 -7.35000000e-01
 -7.40000000e-01 -7.45000000e-01 -7.50000000e-01 -7.55000000e-01
 -7.60000000e-01 -7.65000000e-01 -7.70000000e-01 -7.75000000e-01
 -7.80000000e-01 -7.85000000e-01 -7.90000000e-01 -7.95000000e-01
 -8.00000000e-01 -8.05000000e-01 -8.10000000e-01 -8.15000000e-01
 -8.20000000e-01 -8.25000000e-01 -8.30000000e-01 -8.35000000e-01
 -8.40000000e-01 -8.45000000e-01 -8.50000000e-01 -8.55000000e-01
 -8.60000000e-01 -8.65000000e-01 -8.70000000e-01 -8.75000000e-01
 -8.80000000e-01 -8.85000000e-01 -8.90000000e-01 -8.95000000e-01
 -9.00000000e-01 -9.05000000e-01 -9.10000000e-01 -9.15000000e-01
 -9.20000000e-01 -9.25000000e-01 -9.30000000e-01 -9.35000000e-01
 -9.40000000e-01 -9.45000000e-01 -9.50000000e-01 -9.55000000e-01
 -9.60000000e-01 -9.65000000e-01 -9.70000000e-01 -9.75000000e-01
 -9.80000000e-01 -9.85000000e-01 -9.90000000e-01 -9.95000000e-01
 -1.00000000e+00]