[-5.6000e-11  6.9000e-11  4.1000e-11  6.1660e-13 -2.3640e-13 -1.4630e-13
 -2.2570e-13 -1.5430e-13 -1.6000e-13 -1.3170e-13 -2.9350e-13 -2.0590e-13
 -9.4000e-13 -5.8790e-13 -4.4590e-13 -4.9610e-13 -5.0490e-13 -5.8470e-13
 -7.1570e-13 -1.1893e-12 -8.8020e-13 -6.9610e-13 -6.0150e-13 -6.5340e-13
 -7.6060e-13 -8.0610e-13 -8.2920e-13 -8.6790e-13 -9.8420e-13 -9.8710e-13
 -1.0566e-12 -1.1025e-12 -1.0347e-12 -1.1065e-12 -1.1397e-12 -1.8656e-12
 -3.2847e-12 -2.9166e-12 -2.7941e-12 -2.6917e-12 -2.9130e-12 -4.6387e-12
 -3.6724e-12 -3.1757e-12 -2.9886e-12][ 1.20000000e+00  1.15000000e+00  1.10000000e+00  1.05000000e+00
  1.00000000e+00  9.50000000e-01  9.00000000e-01  8.50000000e-01
  8.00000000e-01  7.50000000e-01  7.00000000e-01  6.50000000e-01
  6.00000000e-01  5.50000000e-01  5.00000000e-01  4.50000000e-01
  4.00000000e-01  3.50000000e-01  3.00000000e-01  2.50000000e-01
  2.00000000e-01  1.50000000e-01  1.00000000e-01  5.00000000e-02
 -1.11022302e-15 -5.00000000e-02 -1.00000000e-01 -1.50000000e-01
 -2.00000000e-01 -2.50000000e-01 -3.00000000e-01 -3.50000000e-01
 -4.00000000e-01 -4.50000000e-01 -5.00000000e-01 -5.50000000e-01
 -6.00000000e-01 -6.50000000e-01 -7.00000000e-01 -7.50000000e-01
 -8.00000000e-01 -8.50000000e-01 -9.00000000e-01 -9.50000000e-01
 -1.00000000e+00]