[-2.22000e-10 -1.81000e-10 -1.55000e-10 -1.60000e-10 -2.46000e-10
 -4.52000e-10 -8.87000e-10 -1.87100e-09 -3.57100e-09 -5.50800e-09
 -8.23200e-09 -1.16490e-08 -1.54140e-08 -2.01100e-08 -2.43670e-08
 -2.95860e-08 -3.52440e-08 -4.06750e-08 -4.60360e-08 -5.19710e-08
 -5.78610e-08 -6.19730e-08 -6.81020e-08 -7.57540e-08 -8.09260e-08
 -8.90910e-08 -9.68210e-08 -1.03299e-07 -1.09991e-07 -2.40200e-07
 -2.61300e-07 -2.83380e-07 -3.03900e-07 -3.00230e-07 -3.16080e-07
 -3.21680e-07 -3.29410e-07 -3.49190e-07 -3.21130e-07 -3.90000e-07
 -3.95260e-07 -4.02830e-07 -3.64170e-07 -3.91890e-07 -1.96894e-09][ 1.20000000e+00  1.15000000e+00  1.10000000e+00  1.05000000e+00
  1.00000000e+00  9.50000000e-01  9.00000000e-01  8.50000000e-01
  8.00000000e-01  7.50000000e-01  7.00000000e-01  6.50000000e-01
  6.00000000e-01  5.50000000e-01  5.00000000e-01  4.50000000e-01
  4.00000000e-01  3.50000000e-01  3.00000000e-01  2.50000000e-01
  2.00000000e-01  1.50000000e-01  1.00000000e-01  5.00000000e-02
 -1.11022302e-15 -5.00000000e-02 -1.00000000e-01 -1.50000000e-01
 -2.00000000e-01 -2.50000000e-01 -3.00000000e-01 -3.50000000e-01
 -4.00000000e-01 -4.50000000e-01 -5.00000000e-01 -5.50000000e-01
 -6.00000000e-01 -6.50000000e-01 -7.00000000e-01 -7.50000000e-01
 -8.00000000e-01 -8.50000000e-01 -9.00000000e-01 -9.50000000e-01
 -1.00000000e+00]