[-3.80000e-11 -3.00000e-11 -2.80000e-11 -3.40000e-11 -5.50000e-11
 -1.24000e-10 -2.71000e-10 -1.05600e-09 -3.99600e-09 -1.34030e-08
 -3.32880e-08 -7.28670e-08 -1.04127e-07 -1.15693e-07 -1.28833e-07
 -1.42025e-07 -1.60305e-07 -1.82415e-07 -2.10330e-07 -2.63430e-07
 -2.95350e-07 -3.38650e-07 -3.82750e-07 -5.06760e-07 -5.19420e-07
 -5.68870e-07 -1.14640e-06 -1.11394e-06 -1.23615e-06 -1.64999e-06
 -2.68160e-06 -2.90530e-06 -4.32840e-06 -4.15140e-06 -3.50990e-06
 -2.89280e-06 -2.99500e-06 -3.56780e-06 -3.54330e-06 -3.58130e-06
 -3.66830e-06 -4.28780e-06 -6.01390e-06 -5.89290e-06 -3.92940e-06][ 1.20000000e+00  1.15000000e+00  1.10000000e+00  1.05000000e+00
  1.00000000e+00  9.50000000e-01  9.00000000e-01  8.50000000e-01
  8.00000000e-01  7.50000000e-01  7.00000000e-01  6.50000000e-01
  6.00000000e-01  5.50000000e-01  5.00000000e-01  4.50000000e-01
  4.00000000e-01  3.50000000e-01  3.00000000e-01  2.50000000e-01
  2.00000000e-01  1.50000000e-01  1.00000000e-01  5.00000000e-02
 -1.11022302e-15 -5.00000000e-02 -1.00000000e-01 -1.50000000e-01
 -2.00000000e-01 -2.50000000e-01 -3.00000000e-01 -3.50000000e-01
 -4.00000000e-01 -4.50000000e-01 -5.00000000e-01 -5.50000000e-01
 -6.00000000e-01 -6.50000000e-01 -7.00000000e-01 -7.50000000e-01
 -8.00000000e-01 -8.50000000e-01 -9.00000000e-01 -9.50000000e-01
 -1.00000000e+00]