[ 6.476e-09  5.259e-09  4.773e-09  4.501e-09  3.876e-09  3.741e-09
  3.388e-09  2.941e-09  2.698e-09  2.419e-09  2.361e-09  1.926e-09
  1.644e-09  1.465e-09  1.312e-09  1.194e-09  1.019e-09  9.450e-10
  7.190e-10  5.940e-10  5.040e-10  3.870e-10  2.830e-10  2.020e-10
  1.010e-10  1.400e-11 -8.100e-11 -1.770e-10 -2.600e-10 -3.580e-10
 -4.410e-10 -5.530e-10 -7.090e-10 -8.150e-10 -9.230e-10 -1.039e-09
 -1.199e-09 -1.309e-09 -1.363e-09 -1.584e-09 -1.792e-09][ 1.0000000e+00  9.5000000e-01  9.0000000e-01  8.5000000e-01
  8.0000000e-01  7.5000000e-01  7.0000000e-01  6.5000000e-01
  6.0000000e-01  5.5000000e-01  5.0000000e-01  4.5000000e-01
  4.0000000e-01  3.5000000e-01  3.0000000e-01  2.5000000e-01
  2.0000000e-01  1.5000000e-01  1.0000000e-01  5.0000000e-02
 -8.8817842e-16 -5.0000000e-02 -1.0000000e-01 -1.5000000e-01
 -2.0000000e-01 -2.5000000e-01 -3.0000000e-01 -3.5000000e-01
 -4.0000000e-01 -4.5000000e-01 -5.0000000e-01 -5.5000000e-01
 -6.0000000e-01 -6.5000000e-01 -7.0000000e-01 -7.5000000e-01
 -8.0000000e-01 -8.5000000e-01 -9.0000000e-01 -9.5000000e-01
 -1.0000000e+00]