[ 6.34420e-08  5.33346e-08  4.71959e-08  3.97809e-08  3.29848e-08
  2.66707e-08  2.18106e-08  1.63578e-08  1.22915e-08  9.54560e-09
  6.56470e-09  4.57650e-09  2.88080e-09  1.82190e-09  1.10770e-09
  6.89900e-10  4.40100e-10  2.92000e-10  1.99600e-10  1.48400e-10
  1.12900e-10  6.69000e-11  7.28000e-11  4.35000e-11  3.27000e-11
  2.46000e-11  1.67000e-11  1.12000e-11  7.30000e-12  3.60000e-12
  2.10000e-12 -1.35000e-11 -2.65000e-11 -2.69000e-11 -3.14000e-11
 -4.96000e-11 -6.74000e-11 -8.55000e-11 -1.13800e-10 -1.60300e-10
 -2.20700e-10][ 1.0000000e+00  9.5000000e-01  9.0000000e-01  8.5000000e-01
  8.0000000e-01  7.5000000e-01  7.0000000e-01  6.5000000e-01
  6.0000000e-01  5.5000000e-01  5.0000000e-01  4.5000000e-01
  4.0000000e-01  3.5000000e-01  3.0000000e-01  2.5000000e-01
  2.0000000e-01  1.5000000e-01  1.0000000e-01  5.0000000e-02
 -8.8817842e-16 -5.0000000e-02 -1.0000000e-01 -1.5000000e-01
 -2.0000000e-01 -2.5000000e-01 -3.0000000e-01 -3.5000000e-01
 -4.0000000e-01 -4.5000000e-01 -5.0000000e-01 -5.5000000e-01
 -6.0000000e-01 -6.5000000e-01 -7.0000000e-01 -7.5000000e-01
 -8.0000000e-01 -8.5000000e-01 -9.0000000e-01 -9.5000000e-01
 -1.0000000e+00]