[1.499e-10 1.059e-10 8.980e-11 7.400e-11 6.860e-11 5.420e-11 4.770e-11
 4.680e-11 3.800e-11 3.160e-11 3.010e-11 2.590e-11 2.770e-11 2.500e-11
 1.360e-11 1.180e-11 1.690e-11 1.980e-11 1.890e-11 3.050e-11 2.870e-11
 2.590e-11 3.050e-11 3.320e-11 3.520e-11 3.730e-11 3.700e-11 3.370e-11
 2.880e-11 2.750e-11 2.840e-11 2.840e-11 2.860e-11 3.330e-11 3.360e-11
 3.270e-11 3.620e-11 3.250e-11 3.550e-11 3.160e-11 2.790e-11][-1.50000000e+00 -1.45000000e+00 -1.40000000e+00 -1.35000000e+00
 -1.30000000e+00 -1.25000000e+00 -1.20000000e+00 -1.15000000e+00
 -1.10000000e+00 -1.05000000e+00 -1.00000000e+00 -9.50000000e-01
 -9.00000000e-01 -8.50000000e-01 -8.00000000e-01 -7.50000000e-01
 -7.00000000e-01 -6.50000000e-01 -6.00000000e-01 -5.50000000e-01
 -5.00000000e-01 -4.50000000e-01 -4.00000000e-01 -3.50000000e-01
 -3.00000000e-01 -2.50000000e-01 -2.00000000e-01 -1.50000000e-01
 -1.00000000e-01 -5.00000000e-02  1.33226763e-15  5.00000000e-02
  1.00000000e-01  1.50000000e-01  2.00000000e-01  2.50000000e-01
  3.00000000e-01  3.50000000e-01  4.00000000e-01  4.50000000e-01
  5.00000000e-01]