[ 6.13530e-10  6.97120e-10  5.71690e-10  4.93240e-10  5.22420e-10
  5.10320e-10  5.01790e-10  4.59140e-10  4.48170e-10  4.81540e-10
  4.32320e-10  4.21810e-10  4.21720e-10  4.03690e-10  3.58830e-10
  3.81380e-10  3.37900e-10  3.50910e-10  3.23060e-10  3.05590e-10
  2.89330e-10  2.82420e-10  3.18850e-10  2.78470e-10  2.03370e-10
  1.59880e-10  1.62250e-10  1.20650e-10  8.79800e-11  7.91600e-11
  1.07620e-10  6.91100e-11  4.81200e-11  2.34800e-11  1.50600e-11
 -4.15000e-12 -3.24100e-11 -8.55000e-12 -3.19900e-11 -5.21900e-11
 -3.33100e-11 -4.59100e-11 -8.15000e-11 -9.31300e-11 -9.16600e-11
 -1.27590e-10 -1.23710e-10 -1.43070e-10 -1.66140e-10 -1.48420e-10
 -1.57270e-10 -1.70360e-10 -1.88340e-10 -2.02970e-10 -2.12350e-10
 -2.13430e-10 -2.35030e-10 -2.56410e-10 -2.69220e-10 -2.84120e-10
 -2.99010e-10 -2.93930e-10 -3.06430e-10 -3.12970e-10 -3.28880e-10
 -3.26440e-10 -3.37090e-10 -3.60510e-10 -3.56300e-10 -3.70660e-10
 -3.83460e-10 -4.05260e-10 -4.29380e-10 -4.27870e-10 -4.75050e-10
 -4.81400e-10 -4.78510e-10 -5.24440e-10 -5.40760e-10 -5.68400e-10
 -5.73190e-10 -6.11710e-10 -6.17110e-10 -6.39190e-10 -6.79840e-10
 -6.84860e-10 -7.09300e-10 -7.03940e-10 -6.98040e-10 -7.21050e-10
 -7.55660e-10 -7.76260e-10 -8.21270e-10 -8.41750e-10 -8.90590e-10
 -8.69630e-10 -8.88810e-10 -8.95280e-10 -9.72250e-10 -9.71080e-10
 -1.10410e-09 -1.07567e-09 -1.07308e-09 -9.52040e-10 -1.08565e-09
 -1.03517e-09 -9.62700e-10 -9.99990e-10 -1.00712e-09 -1.01748e-09
 -1.05529e-09 -1.09428e-09 -1.08597e-09 -1.10032e-09 -1.13767e-09
 -1.12674e-09 -1.16083e-09 -1.15283e-09 -1.16979e-09 -1.16513e-09
 -1.15282e-09 -1.14797e-09 -1.27330e-09 -1.20224e-09 -1.11853e-09
 -1.13028e-09 -1.15163e-09 -1.23080e-09 -1.26196e-09 -1.23794e-09
 -1.25755e-09 -1.25234e-09 -1.33004e-09 -1.39308e-09 -1.29310e-09
 -1.27248e-09 -1.28152e-09 -1.32521e-09 -1.27339e-09 -1.30943e-09
 -1.30401e-09 -1.35443e-09 -1.41018e-09 -1.57644e-09 -1.68974e-09
 -1.63632e-09 -1.70658e-09 -1.65520e-09 -1.60491e-09 -1.59288e-09
 -1.55597e-09 -1.53440e-09 -1.37374e-09 -1.43332e-09 -1.49357e-09
 -1.51572e-09 -1.47895e-09 -1.45290e-09 -1.60361e-09 -1.47401e-09
 -1.36166e-09 -1.40662e-09 -1.61921e-09 -1.65713e-09 -1.64021e-09
 -1.66232e-09 -1.68839e-09 -1.74026e-09 -1.76831e-09 -2.03400e-09
 -2.24428e-09 -2.35698e-09 -2.22980e-09 -2.16893e-09 -2.16780e-09
 -2.28068e-09 -2.24079e-09 -2.25563e-09 -2.34269e-09 -2.40635e-09
 -2.44489e-09 -2.69205e-09 -2.84137e-09 -2.69468e-09 -2.76362e-09
 -2.73480e-09 -2.81656e-09 -2.67873e-09 -2.65802e-09 -2.82018e-09
 -2.62065e-09 -2.70113e-09 -2.74699e-09 -2.75515e-09 -3.00791e-09
 -2.89622e-09 -3.00377e-09 -3.00443e-09 -3.15789e-09 -3.02960e-09
 -2.94768e-09][ 2.00000000e-01  1.95000000e-01  1.90000000e-01  1.85000000e-01
  1.80000000e-01  1.75000000e-01  1.70000000e-01  1.65000000e-01
  1.60000000e-01  1.55000000e-01  1.50000000e-01  1.45000000e-01
  1.40000000e-01  1.35000000e-01  1.30000000e-01  1.25000000e-01
  1.20000000e-01  1.15000000e-01  1.10000000e-01  1.05000000e-01
  1.00000000e-01  9.50000000e-02  9.00000000e-02  8.50000000e-02
  8.00000000e-02  7.50000000e-02  7.00000000e-02  6.50000000e-02
  6.00000000e-02  5.50000000e-02  5.00000000e-02  4.50000000e-02
  4.00000000e-02  3.50000000e-02  3.00000000e-02  2.50000000e-02
  2.00000000e-02  1.50000000e-02  1.00000000e-02  5.00000000e-03
 -1.66533454e-16 -5.00000000e-03 -1.00000000e-02 -1.50000000e-02
 -2.00000000e-02 -2.50000000e-02 -3.00000000e-02 -3.50000000e-02
 -4.00000000e-02 -4.50000000e-02 -5.00000000e-02 -5.50000000e-02
 -6.00000000e-02 -6.50000000e-02 -7.00000000e-02 -7.50000000e-02
 -8.00000000e-02 -8.50000000e-02 -9.00000000e-02 -9.50000000e-02
 -1.00000000e-01 -1.05000000e-01 -1.10000000e-01 -1.15000000e-01
 -1.20000000e-01 -1.25000000e-01 -1.30000000e-01 -1.35000000e-01
 -1.40000000e-01 -1.45000000e-01 -1.50000000e-01 -1.55000000e-01
 -1.60000000e-01 -1.65000000e-01 -1.70000000e-01 -1.75000000e-01
 -1.80000000e-01 -1.85000000e-01 -1.90000000e-01 -1.95000000e-01
 -2.00000000e-01 -2.05000000e-01 -2.10000000e-01 -2.15000000e-01
 -2.20000000e-01 -2.25000000e-01 -2.30000000e-01 -2.35000000e-01
 -2.40000000e-01 -2.45000000e-01 -2.50000000e-01 -2.55000000e-01
 -2.60000000e-01 -2.65000000e-01 -2.70000000e-01 -2.75000000e-01
 -2.80000000e-01 -2.85000000e-01 -2.90000000e-01 -2.95000000e-01
 -3.00000000e-01 -3.05000000e-01 -3.10000000e-01 -3.15000000e-01
 -3.20000000e-01 -3.25000000e-01 -3.30000000e-01 -3.35000000e-01
 -3.40000000e-01 -3.45000000e-01 -3.50000000e-01 -3.55000000e-01
 -3.60000000e-01 -3.65000000e-01 -3.70000000e-01 -3.75000000e-01
 -3.80000000e-01 -3.85000000e-01 -3.90000000e-01 -3.95000000e-01
 -4.00000000e-01 -4.05000000e-01 -4.10000000e-01 -4.15000000e-01
 -4.20000000e-01 -4.25000000e-01 -4.30000000e-01 -4.35000000e-01
 -4.40000000e-01 -4.45000000e-01 -4.50000000e-01 -4.55000000e-01
 -4.60000000e-01 -4.65000000e-01 -4.70000000e-01 -4.75000000e-01
 -4.80000000e-01 -4.85000000e-01 -4.90000000e-01 -4.95000000e-01
 -5.00000000e-01 -5.05000000e-01 -5.10000000e-01 -5.15000000e-01
 -5.20000000e-01 -5.25000000e-01 -5.30000000e-01 -5.35000000e-01
 -5.40000000e-01 -5.45000000e-01 -5.50000000e-01 -5.55000000e-01
 -5.60000000e-01 -5.65000000e-01 -5.70000000e-01 -5.75000000e-01
 -5.80000000e-01 -5.85000000e-01 -5.90000000e-01 -5.95000000e-01
 -6.00000000e-01 -6.05000000e-01 -6.10000000e-01 -6.15000000e-01
 -6.20000000e-01 -6.25000000e-01 -6.30000000e-01 -6.35000000e-01
 -6.40000000e-01 -6.45000000e-01 -6.50000000e-01 -6.55000000e-01
 -6.60000000e-01 -6.65000000e-01 -6.70000000e-01 -6.75000000e-01
 -6.80000000e-01 -6.85000000e-01 -6.90000000e-01 -6.95000000e-01
 -7.00000000e-01 -7.05000000e-01 -7.10000000e-01 -7.15000000e-01
 -7.20000000e-01 -7.25000000e-01 -7.30000000e-01 -7.35000000e-01
 -7.40000000e-01 -7.45000000e-01 -7.50000000e-01 -7.55000000e-01
 -7.60000000e-01 -7.65000000e-01 -7.70000000e-01 -7.75000000e-01
 -7.80000000e-01 -7.85000000e-01 -7.90000000e-01 -7.95000000e-01]