[ 5.04700e-09  5.00100e-09  4.75980e-09  4.44160e-09  4.46270e-09
  4.26850e-09  4.22980e-09  3.92750e-09  3.93560e-09  3.60800e-09
  3.53730e-09  3.32800e-09  3.26940e-09  3.24760e-09  3.10340e-09
  2.90460e-09  2.75550e-09  2.73920e-09  2.63510e-09  2.48840e-09
  2.38350e-09  2.26110e-09  2.18900e-09  2.06500e-09  1.96260e-09
  1.95570e-09  1.80150e-09  1.72680e-09  1.61470e-09  1.56550e-09
  1.47820e-09  1.44550e-09  1.42010e-09  1.29950e-09  1.28940e-09
  1.26520e-09  1.18550e-09  1.19510e-09  1.13730e-09  1.04620e-09
  1.01080e-09  1.00630e-09  9.34200e-10  9.00000e-10  8.52500e-10
  8.20100e-10  8.15400e-10  7.70000e-10  7.59600e-10  6.96000e-10
  6.99400e-10  7.10400e-10  6.29000e-10  6.06200e-10  6.01600e-10
  6.04600e-10  5.56800e-10  5.28400e-10  5.06700e-10  5.08200e-10
  4.75700e-10  4.65100e-10  4.46200e-10  4.28000e-10  4.20500e-10
  3.86400e-10  4.09500e-10  3.73500e-10  3.74600e-10  3.50500e-10
  3.46400e-10  3.28200e-10  3.20800e-10  3.10600e-10  3.16000e-10
  2.84500e-10  2.82200e-10  2.67500e-10  2.52400e-10  2.46600e-10
  2.44000e-10  2.31500e-10  2.20100e-10  2.16500e-10  1.98900e-10
  2.07800e-10  2.02200e-10  1.94000e-10  1.79300e-10  1.70500e-10
  1.68700e-10  1.43700e-10  1.54900e-10  1.56300e-10  1.53000e-10
  1.38300e-10  1.34700e-10  1.32800e-10  1.27700e-10  1.22900e-10
  1.21100e-10  1.14900e-10  1.08900e-10  9.81000e-11  1.08500e-10
  9.78000e-11  8.84000e-11  8.10000e-11  8.01000e-11  7.26000e-11
  6.79000e-11  5.47000e-11  5.42000e-11  5.15000e-11  4.51000e-11
  3.03000e-11  2.94000e-11  1.65000e-11  1.48000e-11  1.20000e-12
 -1.22000e-11 -1.90000e-11 -4.01000e-11 -4.97000e-11 -7.25000e-11
 -8.45000e-11 -1.15200e-10 -1.36000e-10 -1.70600e-10 -1.88200e-10
 -2.51700e-10 -2.89700e-10 -3.46600e-10 -3.84600e-10 -4.78800e-10
 -5.32800e-10 -5.91200e-10 -6.79500e-10 -7.68100e-10 -9.56500e-10
 -1.04690e-09 -1.24250e-09 -1.41310e-09 -1.66220e-09 -1.81550e-09
 -2.11690e-09 -2.36080e-09 -2.85850e-09 -3.09270e-09 -3.76260e-09
 -3.90080e-09 -4.76500e-09 -5.03170e-09 -6.13400e-09 -6.55740e-09
 -7.05120e-09 -8.24390e-09 -9.30420e-09 -1.04097e-08 -1.15919e-08
 -1.32808e-08 -1.39080e-08 -1.66080e-08 -1.77560e-08 -2.06010e-08
 -2.22600e-08 -2.55460e-08 -2.78260e-08 -3.15660e-08 -3.38290e-08
 -3.82030e-08 -4.00750e-08 -4.36780e-08 -4.90040e-08 -5.23670e-08
 -5.87690e-08 -6.23040e-08 -7.08310e-08 -7.52290e-08 -8.15110e-08
 -8.54810e-08 -9.53770e-08 -1.00784e-07 -1.11275e-07 -1.17029e-07
 -1.26721e-07 -1.33143e-07 -1.44926e-07 -1.50706e-07 -1.56046e-07
 -1.72071e-07 -1.76627e-07 -1.92251e-07 -1.96148e-07 -2.15750e-07
 -2.22790e-07 -2.38220e-07 -2.43930e-07 -2.61860e-07 -2.68820e-07
 -2.88690e-07 -2.95890e-07 -3.10080e-07 -3.18800e-07 -3.38950e-07
 -3.48130e-07 -3.55330e-07 -3.79560e-07 -3.87780e-07 -4.06210e-07
 -4.12690e-07 -4.34840e-07 -4.50320e-07 -4.72400e-07 -4.80090e-07
 -5.01910e-07 -5.11310e-07 -5.38580e-07 -5.40650e-07 -5.72220e-07
 -5.79400e-07 -6.11120e-07 -6.20510e-07 -6.52260e-07 -6.51410e-07
 -6.68200e-07 -6.94210e-07 -7.00720e-07 -7.36570e-07 -7.49460e-07
 -7.70340e-07 -7.82470e-07 -8.17460e-07 -8.26900e-07 -8.56070e-07
 -8.73520e-07 -8.98040e-07 -9.08360e-07 -9.36470e-07 -9.59370e-07
 -9.93130e-07][ 2.00000000e-01  1.95000000e-01  1.90000000e-01  1.85000000e-01
  1.80000000e-01  1.75000000e-01  1.70000000e-01  1.65000000e-01
  1.60000000e-01  1.55000000e-01  1.50000000e-01  1.45000000e-01
  1.40000000e-01  1.35000000e-01  1.30000000e-01  1.25000000e-01
  1.20000000e-01  1.15000000e-01  1.10000000e-01  1.05000000e-01
  1.00000000e-01  9.50000000e-02  9.00000000e-02  8.50000000e-02
  8.00000000e-02  7.50000000e-02  7.00000000e-02  6.50000000e-02
  6.00000000e-02  5.50000000e-02  5.00000000e-02  4.50000000e-02
  4.00000000e-02  3.50000000e-02  3.00000000e-02  2.50000000e-02
  2.00000000e-02  1.50000000e-02  1.00000000e-02  5.00000000e-03
 -1.66533454e-16 -5.00000000e-03 -1.00000000e-02 -1.50000000e-02
 -2.00000000e-02 -2.50000000e-02 -3.00000000e-02 -3.50000000e-02
 -4.00000000e-02 -4.50000000e-02 -5.00000000e-02 -5.50000000e-02
 -6.00000000e-02 -6.50000000e-02 -7.00000000e-02 -7.50000000e-02
 -8.00000000e-02 -8.50000000e-02 -9.00000000e-02 -9.50000000e-02
 -1.00000000e-01 -1.05000000e-01 -1.10000000e-01 -1.15000000e-01
 -1.20000000e-01 -1.25000000e-01 -1.30000000e-01 -1.35000000e-01
 -1.40000000e-01 -1.45000000e-01 -1.50000000e-01 -1.55000000e-01
 -1.60000000e-01 -1.65000000e-01 -1.70000000e-01 -1.75000000e-01
 -1.80000000e-01 -1.85000000e-01 -1.90000000e-01 -1.95000000e-01
 -2.00000000e-01 -2.05000000e-01 -2.10000000e-01 -2.15000000e-01
 -2.20000000e-01 -2.25000000e-01 -2.30000000e-01 -2.35000000e-01
 -2.40000000e-01 -2.45000000e-01 -2.50000000e-01 -2.55000000e-01
 -2.60000000e-01 -2.65000000e-01 -2.70000000e-01 -2.75000000e-01
 -2.80000000e-01 -2.85000000e-01 -2.90000000e-01 -2.95000000e-01
 -3.00000000e-01 -3.05000000e-01 -3.10000000e-01 -3.15000000e-01
 -3.20000000e-01 -3.25000000e-01 -3.30000000e-01 -3.35000000e-01
 -3.40000000e-01 -3.45000000e-01 -3.50000000e-01 -3.55000000e-01
 -3.60000000e-01 -3.65000000e-01 -3.70000000e-01 -3.75000000e-01
 -3.80000000e-01 -3.85000000e-01 -3.90000000e-01 -3.95000000e-01
 -4.00000000e-01 -4.05000000e-01 -4.10000000e-01 -4.15000000e-01
 -4.20000000e-01 -4.25000000e-01 -4.30000000e-01 -4.35000000e-01
 -4.40000000e-01 -4.45000000e-01 -4.50000000e-01 -4.55000000e-01
 -4.60000000e-01 -4.65000000e-01 -4.70000000e-01 -4.75000000e-01
 -4.80000000e-01 -4.85000000e-01 -4.90000000e-01 -4.95000000e-01
 -5.00000000e-01 -5.05000000e-01 -5.10000000e-01 -5.15000000e-01
 -5.20000000e-01 -5.25000000e-01 -5.30000000e-01 -5.35000000e-01
 -5.40000000e-01 -5.45000000e-01 -5.50000000e-01 -5.55000000e-01
 -5.60000000e-01 -5.65000000e-01 -5.70000000e-01 -5.75000000e-01
 -5.80000000e-01 -5.85000000e-01 -5.90000000e-01 -5.95000000e-01
 -6.00000000e-01 -6.05000000e-01 -6.10000000e-01 -6.15000000e-01
 -6.20000000e-01 -6.25000000e-01 -6.30000000e-01 -6.35000000e-01
 -6.40000000e-01 -6.45000000e-01 -6.50000000e-01 -6.55000000e-01
 -6.60000000e-01 -6.65000000e-01 -6.70000000e-01 -6.75000000e-01
 -6.80000000e-01 -6.85000000e-01 -6.90000000e-01 -6.95000000e-01
 -7.00000000e-01 -7.05000000e-01 -7.10000000e-01 -7.15000000e-01
 -7.20000000e-01 -7.25000000e-01 -7.30000000e-01 -7.35000000e-01
 -7.40000000e-01 -7.45000000e-01 -7.50000000e-01 -7.55000000e-01
 -7.60000000e-01 -7.65000000e-01 -7.70000000e-01 -7.75000000e-01
 -7.80000000e-01 -7.85000000e-01 -7.90000000e-01 -7.95000000e-01
 -8.00000000e-01 -8.05000000e-01 -8.10000000e-01 -8.15000000e-01
 -8.20000000e-01 -8.25000000e-01 -8.30000000e-01 -8.35000000e-01
 -8.40000000e-01 -8.45000000e-01 -8.50000000e-01 -8.55000000e-01
 -8.60000000e-01 -8.65000000e-01 -8.70000000e-01 -8.75000000e-01
 -8.80000000e-01 -8.85000000e-01 -8.90000000e-01 -8.95000000e-01
 -9.00000000e-01 -9.05000000e-01 -9.10000000e-01 -9.15000000e-01
 -9.20000000e-01 -9.25000000e-01 -9.30000000e-01 -9.35000000e-01
 -9.40000000e-01 -9.45000000e-01 -9.50000000e-01 -9.55000000e-01
 -9.60000000e-01 -9.65000000e-01 -9.70000000e-01 -9.75000000e-01
 -9.80000000e-01 -9.85000000e-01 -9.90000000e-01 -9.95000000e-01
 -1.00000000e+00]