[ 1.12760e-09  1.17870e-09  1.25010e-09  1.20020e-09  1.25450e-09
  1.18910e-09  1.20690e-09  1.13530e-09  1.12850e-09  1.05920e-09
  1.04760e-09  9.66700e-10  9.57400e-10  9.27100e-10  8.42400e-10
  8.24000e-10  7.42000e-10  7.16300e-10  6.50300e-10  6.34000e-10
  5.68400e-10  5.42000e-10  4.90300e-10  4.73900e-10  4.20600e-10
  3.93300e-10  3.55500e-10  3.35600e-10  3.01500e-10  2.90000e-10
  2.53100e-10  2.43200e-10  2.29700e-10  2.05700e-10  1.98900e-10
  1.75200e-10  1.69400e-10  1.49800e-10  1.39100e-10  1.31200e-10
  1.26900e-10  1.21500e-10  1.06600e-10  9.36000e-11  9.22000e-11
  8.05000e-11  8.10000e-11  7.10000e-11  6.71000e-11  6.36000e-11
  5.53000e-11  6.03000e-11  5.14000e-11  4.89000e-11  4.27000e-11
  4.48000e-11  3.95000e-11  3.40000e-11  3.51000e-11  3.60000e-11
  3.27000e-11  3.09000e-11  3.05000e-11  2.89000e-11  2.81000e-11
  2.54000e-11  2.75000e-11  2.77000e-11  2.64000e-11  2.70000e-11
  2.51000e-11  2.26000e-11  2.58000e-11  2.40000e-11  2.27000e-11
  2.38000e-11  2.27000e-11  2.61000e-11  2.21000e-11  2.29000e-11
  2.35000e-11  2.67000e-11  2.37000e-11  2.35000e-11  1.97000e-11
  2.12000e-11  1.84000e-11  1.62000e-11  1.51000e-11  1.77000e-11
  1.53000e-11  1.40000e-11  1.24000e-11  1.09000e-11  1.55000e-11
  1.34000e-11  1.54000e-11  1.17000e-11  1.25000e-11  1.37000e-11
  1.25000e-11  1.14000e-11  1.01000e-11  8.30000e-12  1.10000e-11
  1.00000e-11  8.70000e-12  4.90000e-12  7.50000e-12  7.10000e-12
  3.90000e-12  3.60000e-12  1.20000e-12  2.10000e-12 -1.70000e-12
  8.00000e-13 -4.80000e-12 -5.40000e-12 -7.30000e-12 -8.90000e-12
 -1.40000e-11 -1.59000e-11 -2.02000e-11 -2.29000e-11 -3.05000e-11
 -3.63000e-11 -4.30000e-11 -4.78000e-11 -6.56000e-11 -7.38000e-11
 -8.28000e-11 -9.68000e-11 -1.18300e-10 -1.29200e-10 -1.62600e-10
 -1.88400e-10 -1.96900e-10 -2.47200e-10 -2.71400e-10 -3.37200e-10
 -3.72500e-10 -4.63700e-10 -5.31000e-10 -6.42500e-10 -7.24700e-10
 -8.62900e-10 -9.51400e-10 -1.14920e-09 -1.30450e-09 -1.56090e-09
 -1.72480e-09 -2.12990e-09 -2.27640e-09 -2.77120e-09 -3.06100e-09
 -3.38330e-09 -3.99470e-09 -4.43160e-09 -5.20310e-09 -5.82480e-09
 -6.87190e-09 -7.47390e-09 -9.08240e-09 -9.88930e-09 -1.18944e-08
 -1.25420e-08 -1.48289e-08 -1.62010e-08 -1.87360e-08 -2.06250e-08
 -2.38960e-08 -2.57000e-08 -2.80430e-08 -3.24920e-08 -3.45960e-08
 -3.99380e-08 -4.34730e-08 -4.88830e-08 -5.22560e-08 -5.90930e-08
 -6.39730e-08 -7.27810e-08 -7.59920e-08 -8.61370e-08 -9.14980e-08
 -1.00930e-07 -1.05359e-07 -1.17539e-07 -1.23226e-07 -1.29307e-07
 -1.41355e-07 -1.47148e-07 -1.64076e-07 -1.68456e-07 -1.85053e-07
 -1.95402e-07 -2.09450e-07 -2.20620e-07 -2.37720e-07 -2.46510e-07
 -2.66460e-07 -2.73030e-07 -2.91560e-07 -2.98490e-07 -3.22960e-07
 -3.34370e-07 -3.43370e-07 -3.64390e-07 -3.67540e-07 -3.95770e-07
 -4.06940e-07 -4.28990e-07 -4.42250e-07 -4.64390e-07 -4.76620e-07
 -5.07040e-07 -5.13010e-07 -5.45630e-07 -5.57460e-07 -5.81730e-07
 -5.95620e-07 -6.22800e-07 -6.34050e-07 -6.63910e-07 -6.78390e-07
 -6.85530e-07 -7.22100e-07 -7.30550e-07 -7.69740e-07 -7.68680e-07
 -8.04350e-07 -8.19270e-07 -8.51420e-07 -8.60180e-07 -8.98830e-07
 -9.13880e-07 -9.51030e-07 -9.63140e-07 -9.98650e-07 -1.00582e-06
 -1.04990e-06][ 2.00000000e-01  1.95000000e-01  1.90000000e-01  1.85000000e-01
  1.80000000e-01  1.75000000e-01  1.70000000e-01  1.65000000e-01
  1.60000000e-01  1.55000000e-01  1.50000000e-01  1.45000000e-01
  1.40000000e-01  1.35000000e-01  1.30000000e-01  1.25000000e-01
  1.20000000e-01  1.15000000e-01  1.10000000e-01  1.05000000e-01
  1.00000000e-01  9.50000000e-02  9.00000000e-02  8.50000000e-02
  8.00000000e-02  7.50000000e-02  7.00000000e-02  6.50000000e-02
  6.00000000e-02  5.50000000e-02  5.00000000e-02  4.50000000e-02
  4.00000000e-02  3.50000000e-02  3.00000000e-02  2.50000000e-02
  2.00000000e-02  1.50000000e-02  1.00000000e-02  5.00000000e-03
 -1.66533454e-16 -5.00000000e-03 -1.00000000e-02 -1.50000000e-02
 -2.00000000e-02 -2.50000000e-02 -3.00000000e-02 -3.50000000e-02
 -4.00000000e-02 -4.50000000e-02 -5.00000000e-02 -5.50000000e-02
 -6.00000000e-02 -6.50000000e-02 -7.00000000e-02 -7.50000000e-02
 -8.00000000e-02 -8.50000000e-02 -9.00000000e-02 -9.50000000e-02
 -1.00000000e-01 -1.05000000e-01 -1.10000000e-01 -1.15000000e-01
 -1.20000000e-01 -1.25000000e-01 -1.30000000e-01 -1.35000000e-01
 -1.40000000e-01 -1.45000000e-01 -1.50000000e-01 -1.55000000e-01
 -1.60000000e-01 -1.65000000e-01 -1.70000000e-01 -1.75000000e-01
 -1.80000000e-01 -1.85000000e-01 -1.90000000e-01 -1.95000000e-01
 -2.00000000e-01 -2.05000000e-01 -2.10000000e-01 -2.15000000e-01
 -2.20000000e-01 -2.25000000e-01 -2.30000000e-01 -2.35000000e-01
 -2.40000000e-01 -2.45000000e-01 -2.50000000e-01 -2.55000000e-01
 -2.60000000e-01 -2.65000000e-01 -2.70000000e-01 -2.75000000e-01
 -2.80000000e-01 -2.85000000e-01 -2.90000000e-01 -2.95000000e-01
 -3.00000000e-01 -3.05000000e-01 -3.10000000e-01 -3.15000000e-01
 -3.20000000e-01 -3.25000000e-01 -3.30000000e-01 -3.35000000e-01
 -3.40000000e-01 -3.45000000e-01 -3.50000000e-01 -3.55000000e-01
 -3.60000000e-01 -3.65000000e-01 -3.70000000e-01 -3.75000000e-01
 -3.80000000e-01 -3.85000000e-01 -3.90000000e-01 -3.95000000e-01
 -4.00000000e-01 -4.05000000e-01 -4.10000000e-01 -4.15000000e-01
 -4.20000000e-01 -4.25000000e-01 -4.30000000e-01 -4.35000000e-01
 -4.40000000e-01 -4.45000000e-01 -4.50000000e-01 -4.55000000e-01
 -4.60000000e-01 -4.65000000e-01 -4.70000000e-01 -4.75000000e-01
 -4.80000000e-01 -4.85000000e-01 -4.90000000e-01 -4.95000000e-01
 -5.00000000e-01 -5.05000000e-01 -5.10000000e-01 -5.15000000e-01
 -5.20000000e-01 -5.25000000e-01 -5.30000000e-01 -5.35000000e-01
 -5.40000000e-01 -5.45000000e-01 -5.50000000e-01 -5.55000000e-01
 -5.60000000e-01 -5.65000000e-01 -5.70000000e-01 -5.75000000e-01
 -5.80000000e-01 -5.85000000e-01 -5.90000000e-01 -5.95000000e-01
 -6.00000000e-01 -6.05000000e-01 -6.10000000e-01 -6.15000000e-01
 -6.20000000e-01 -6.25000000e-01 -6.30000000e-01 -6.35000000e-01
 -6.40000000e-01 -6.45000000e-01 -6.50000000e-01 -6.55000000e-01
 -6.60000000e-01 -6.65000000e-01 -6.70000000e-01 -6.75000000e-01
 -6.80000000e-01 -6.85000000e-01 -6.90000000e-01 -6.95000000e-01
 -7.00000000e-01 -7.05000000e-01 -7.10000000e-01 -7.15000000e-01
 -7.20000000e-01 -7.25000000e-01 -7.30000000e-01 -7.35000000e-01
 -7.40000000e-01 -7.45000000e-01 -7.50000000e-01 -7.55000000e-01
 -7.60000000e-01 -7.65000000e-01 -7.70000000e-01 -7.75000000e-01
 -7.80000000e-01 -7.85000000e-01 -7.90000000e-01 -7.95000000e-01
 -8.00000000e-01 -8.05000000e-01 -8.10000000e-01 -8.15000000e-01
 -8.20000000e-01 -8.25000000e-01 -8.30000000e-01 -8.35000000e-01
 -8.40000000e-01 -8.45000000e-01 -8.50000000e-01 -8.55000000e-01
 -8.60000000e-01 -8.65000000e-01 -8.70000000e-01 -8.75000000e-01
 -8.80000000e-01 -8.85000000e-01 -8.90000000e-01 -8.95000000e-01
 -9.00000000e-01 -9.05000000e-01 -9.10000000e-01 -9.15000000e-01
 -9.20000000e-01 -9.25000000e-01 -9.30000000e-01 -9.35000000e-01
 -9.40000000e-01 -9.45000000e-01 -9.50000000e-01 -9.55000000e-01
 -9.60000000e-01 -9.65000000e-01 -9.70000000e-01 -9.75000000e-01
 -9.80000000e-01 -9.85000000e-01 -9.90000000e-01 -9.95000000e-01
 -1.00000000e+00]