[ 1.58000e-11  2.50000e-11  2.74000e-11  1.73000e-11  2.20000e-11
  1.54000e-11  1.34000e-11  2.13000e-11  1.97000e-11  1.78000e-11
  1.67000e-11  2.34000e-11  1.98000e-11  1.84000e-11  2.29000e-11
  2.40000e-11  2.56000e-11  2.30000e-11  2.53000e-11  2.43000e-11
  2.01000e-11  1.96000e-11  1.70000e-11  1.60000e-11  1.44000e-11
  1.81000e-11  1.66000e-11  1.67000e-11  1.24000e-11  1.05000e-11
  1.10000e-11  1.08000e-11  6.20000e-12  8.60000e-12  4.90000e-12
  9.40000e-12  6.50000e-12  3.40000e-12  5.20000e-12  6.80000e-12
  3.00000e-12  6.40000e-12 -1.50000e-12  4.00000e-13 -3.70000e-12
 -1.09000e-11 -7.10000e-12 -9.20000e-12 -1.82000e-11 -1.83000e-11
 -2.22000e-11 -2.29000e-11 -3.36000e-11 -3.93000e-11 -5.32000e-11
 -5.88000e-11 -7.39000e-11 -8.22000e-11 -1.06400e-10 -1.16800e-10
 -1.46000e-10 -1.61500e-10 -2.01600e-10 -2.17500e-10 -2.60500e-10
 -2.91300e-10 -3.20400e-10 -4.24100e-10 -4.61600e-10 -5.49500e-10
 -5.99400e-10 -7.33900e-10 -8.37800e-10 -9.97100e-10 -1.08010e-09
 -1.33440e-09 -1.52540e-09 -1.80020e-09 -1.92320e-09 -2.39780e-09
 -2.68100e-09 -3.15780e-09 -3.52610e-09 -4.14930e-09 -4.49700e-09
 -5.18070e-09 -6.06170e-09 -6.59000e-09 -8.15520e-09 -8.91000e-09
 -1.05145e-08 -1.15133e-08 -1.34878e-08 -1.54730e-08 -1.79650e-08
 -1.92060e-08 -2.28180e-08 -2.42050e-08 -3.09210e-08 -3.23610e-08
 -3.81410e-08 -4.15720e-08 -4.51660e-08 -5.10630e-08 -5.33720e-08
 -6.47310e-08 -6.74130e-08 -7.81970e-08 -8.76070e-08 -9.67930e-08
 -1.05544e-07 -1.22068e-07 -1.29778e-07 -1.51339e-07 -1.60276e-07
 -1.81372e-07 -1.91652e-07 -2.15890e-07 -2.32660e-07 -2.40560e-07
 -2.75840e-07 -2.88530e-07 -3.23030e-07 -3.43730e-07 -3.79330e-07
 -4.03920e-07 -4.55760e-07 -4.76140e-07 -5.20030e-07 -5.28490e-07
 -5.83330e-07 -6.29880e-07 -6.98270e-07 -7.09020e-07 -7.69260e-07
 -7.95230e-07 -8.54880e-07 -9.13780e-07 -9.31130e-07 -1.01580e-06
 -1.08061e-06 -1.14680e-06 -1.18205e-06 -1.27691e-06 -1.31428e-06
 -1.41221e-06 -1.44462e-06 -1.54039e-06 -1.61683e-06 -1.71671e-06
 -1.78150e-06 -1.90382e-06 -1.96102e-06 -2.07384e-06 -2.14050e-06
 -2.19820e-06 -2.35630e-06 -2.41460e-06 -2.53810e-06 -2.61540e-06
 -2.72040e-06 -2.77880e-06 -2.98090e-06 -3.01970e-06 -3.19960e-06
 -3.21270e-06 -3.38180e-06 -3.49440e-06 -3.66970e-06 -3.79460e-06
 -3.94880e-06 -4.02280e-06 -4.11630e-06 -4.29790e-06 -4.38720e-06
 -4.52350e-06 -4.63270e-06 -4.84340e-06 -4.91840e-06 -5.12780e-06
 -5.21370e-06 -5.38780e-06 -5.50180e-06 -5.68520e-06 -5.82570e-06
 -6.05970e-06 -6.12010e-06 -6.37010e-06 -6.47280e-06 -6.61300e-06
 -6.80920e-06 -6.96630e-06 -7.12790e-06 -7.26620e-06 -7.46180e-06
 -7.64060e-06 -7.88310e-06 -7.98460e-06 -8.23290e-06 -8.34030e-06
 -8.57210e-06 -8.74610e-06 -9.00400e-06 -9.09600e-06 -9.37420e-06
 -9.50360e-06 -9.70200e-06 -9.93010e-06 -1.00330e-05 -1.02805e-05
 -1.04776e-05 -1.07071e-05 -1.08642e-05 -1.11034e-05 -1.13262e-05
 -1.15546e-05 -1.17436e-05 -1.19806e-05 -1.21371e-05 -1.24438e-05
 -1.26113e-05 -1.28965e-05 -1.30411e-05 -1.32869e-05 -1.35497e-05
 -1.36924e-05 -1.39249e-05 -1.41143e-05 -1.43983e-05 -1.46432e-05
 -1.50493e-05 -1.50782e-05 -1.54387e-05 -1.55887e-05 -1.59738e-05
 -1.61277e-05 -1.64715e-05 -1.65698e-05 -1.69385e-05 -1.70690e-05
 -1.74494e-05][ 2.00000000e-01  1.95000000e-01  1.90000000e-01  1.85000000e-01
  1.80000000e-01  1.75000000e-01  1.70000000e-01  1.65000000e-01
  1.60000000e-01  1.55000000e-01  1.50000000e-01  1.45000000e-01
  1.40000000e-01  1.35000000e-01  1.30000000e-01  1.25000000e-01
  1.20000000e-01  1.15000000e-01  1.10000000e-01  1.05000000e-01
  1.00000000e-01  9.50000000e-02  9.00000000e-02  8.50000000e-02
  8.00000000e-02  7.50000000e-02  7.00000000e-02  6.50000000e-02
  6.00000000e-02  5.50000000e-02  5.00000000e-02  4.50000000e-02
  4.00000000e-02  3.50000000e-02  3.00000000e-02  2.50000000e-02
  2.00000000e-02  1.50000000e-02  1.00000000e-02  5.00000000e-03
 -1.66533454e-16 -5.00000000e-03 -1.00000000e-02 -1.50000000e-02
 -2.00000000e-02 -2.50000000e-02 -3.00000000e-02 -3.50000000e-02
 -4.00000000e-02 -4.50000000e-02 -5.00000000e-02 -5.50000000e-02
 -6.00000000e-02 -6.50000000e-02 -7.00000000e-02 -7.50000000e-02
 -8.00000000e-02 -8.50000000e-02 -9.00000000e-02 -9.50000000e-02
 -1.00000000e-01 -1.05000000e-01 -1.10000000e-01 -1.15000000e-01
 -1.20000000e-01 -1.25000000e-01 -1.30000000e-01 -1.35000000e-01
 -1.40000000e-01 -1.45000000e-01 -1.50000000e-01 -1.55000000e-01
 -1.60000000e-01 -1.65000000e-01 -1.70000000e-01 -1.75000000e-01
 -1.80000000e-01 -1.85000000e-01 -1.90000000e-01 -1.95000000e-01
 -2.00000000e-01 -2.05000000e-01 -2.10000000e-01 -2.15000000e-01
 -2.20000000e-01 -2.25000000e-01 -2.30000000e-01 -2.35000000e-01
 -2.40000000e-01 -2.45000000e-01 -2.50000000e-01 -2.55000000e-01
 -2.60000000e-01 -2.65000000e-01 -2.70000000e-01 -2.75000000e-01
 -2.80000000e-01 -2.85000000e-01 -2.90000000e-01 -2.95000000e-01
 -3.00000000e-01 -3.05000000e-01 -3.10000000e-01 -3.15000000e-01
 -3.20000000e-01 -3.25000000e-01 -3.30000000e-01 -3.35000000e-01
 -3.40000000e-01 -3.45000000e-01 -3.50000000e-01 -3.55000000e-01
 -3.60000000e-01 -3.65000000e-01 -3.70000000e-01 -3.75000000e-01
 -3.80000000e-01 -3.85000000e-01 -3.90000000e-01 -3.95000000e-01
 -4.00000000e-01 -4.05000000e-01 -4.10000000e-01 -4.15000000e-01
 -4.20000000e-01 -4.25000000e-01 -4.30000000e-01 -4.35000000e-01
 -4.40000000e-01 -4.45000000e-01 -4.50000000e-01 -4.55000000e-01
 -4.60000000e-01 -4.65000000e-01 -4.70000000e-01 -4.75000000e-01
 -4.80000000e-01 -4.85000000e-01 -4.90000000e-01 -4.95000000e-01
 -5.00000000e-01 -5.05000000e-01 -5.10000000e-01 -5.15000000e-01
 -5.20000000e-01 -5.25000000e-01 -5.30000000e-01 -5.35000000e-01
 -5.40000000e-01 -5.45000000e-01 -5.50000000e-01 -5.55000000e-01
 -5.60000000e-01 -5.65000000e-01 -5.70000000e-01 -5.75000000e-01
 -5.80000000e-01 -5.85000000e-01 -5.90000000e-01 -5.95000000e-01
 -6.00000000e-01 -6.05000000e-01 -6.10000000e-01 -6.15000000e-01
 -6.20000000e-01 -6.25000000e-01 -6.30000000e-01 -6.35000000e-01
 -6.40000000e-01 -6.45000000e-01 -6.50000000e-01 -6.55000000e-01
 -6.60000000e-01 -6.65000000e-01 -6.70000000e-01 -6.75000000e-01
 -6.80000000e-01 -6.85000000e-01 -6.90000000e-01 -6.95000000e-01
 -7.00000000e-01 -7.05000000e-01 -7.10000000e-01 -7.15000000e-01
 -7.20000000e-01 -7.25000000e-01 -7.30000000e-01 -7.35000000e-01
 -7.40000000e-01 -7.45000000e-01 -7.50000000e-01 -7.55000000e-01
 -7.60000000e-01 -7.65000000e-01 -7.70000000e-01 -7.75000000e-01
 -7.80000000e-01 -7.85000000e-01 -7.90000000e-01 -7.95000000e-01
 -8.00000000e-01 -8.05000000e-01 -8.10000000e-01 -8.15000000e-01
 -8.20000000e-01 -8.25000000e-01 -8.30000000e-01 -8.35000000e-01
 -8.40000000e-01 -8.45000000e-01 -8.50000000e-01 -8.55000000e-01
 -8.60000000e-01 -8.65000000e-01 -8.70000000e-01 -8.75000000e-01
 -8.80000000e-01 -8.85000000e-01 -8.90000000e-01 -8.95000000e-01
 -9.00000000e-01 -9.05000000e-01 -9.10000000e-01 -9.15000000e-01
 -9.20000000e-01 -9.25000000e-01 -9.30000000e-01 -9.35000000e-01
 -9.40000000e-01 -9.45000000e-01 -9.50000000e-01 -9.55000000e-01
 -9.60000000e-01 -9.65000000e-01 -9.70000000e-01 -9.75000000e-01
 -9.80000000e-01 -9.85000000e-01 -9.90000000e-01 -9.95000000e-01
 -1.00000000e+00]