[ 9.24410e-09  8.66370e-09  8.67250e-09  8.23710e-09  7.87270e-09
  7.50600e-09  7.38090e-09  7.01130e-09  6.73640e-09  6.45370e-09
  6.38640e-09  6.05980e-09  6.15260e-09  5.72520e-09  5.41250e-09
  5.32780e-09  4.91260e-09  4.91750e-09  4.60450e-09  4.34670e-09
  4.05760e-09  3.92800e-09  3.79370e-09  3.53420e-09  3.53490e-09
  3.24340e-09  3.21100e-09  3.06850e-09  2.99030e-09  2.77680e-09
  2.63730e-09  2.55400e-09  2.56120e-09  2.38020e-09  2.28890e-09
  2.07850e-09  2.13470e-09  2.01700e-09  1.92700e-09  1.83660e-09
  1.76820e-09  1.72480e-09  1.57130e-09  1.51370e-09  1.50470e-09
  1.36200e-09  1.36330e-09  1.28880e-09  1.30200e-09  1.20470e-09
  1.16500e-09  1.14890e-09  1.07980e-09  1.03830e-09  1.00300e-09
  1.01820e-09  9.31700e-10  9.09500e-10  8.70500e-10  8.28800e-10
  8.07600e-10  7.51000e-10  7.21500e-10  7.10400e-10  6.92200e-10
  6.67300e-10  6.59900e-10  6.07400e-10  6.11400e-10  5.85100e-10
  5.95700e-10  5.47600e-10  5.53400e-10  5.14000e-10  5.23000e-10
  4.83600e-10  4.74700e-10  4.49200e-10  4.33200e-10  4.11800e-10
  3.90400e-10  3.54600e-10  3.60800e-10  3.52000e-10  3.32100e-10
  3.24800e-10  3.11100e-10  3.17900e-10  2.96200e-10  2.86100e-10
  2.79300e-10  2.62400e-10  2.44500e-10  2.51500e-10  2.40300e-10
  2.35600e-10  2.08300e-10  2.04400e-10  2.04600e-10  1.92200e-10
  1.71500e-10  1.78300e-10  1.75200e-10  1.55500e-10  1.55700e-10
  1.45500e-10  1.41300e-10  1.22700e-10  1.25000e-10  1.18300e-10
  9.52000e-11  9.07000e-11  7.84000e-11  6.77000e-11  5.71000e-11
  3.89000e-11  3.88000e-11  1.34000e-11 -2.70000e-12 -9.50000e-12
 -3.38000e-11 -5.76000e-11 -9.39000e-11 -1.05500e-10 -1.52800e-10
 -1.86800e-10 -2.37300e-10 -2.57000e-10 -3.28700e-10 -3.68800e-10
 -4.62100e-10 -5.10700e-10 -6.40800e-10 -7.31100e-10 -8.78600e-10
 -9.85500e-10 -1.03890e-09 -1.26500e-09 -1.36220e-09 -1.68130e-09
 -1.83630e-09 -2.24740e-09 -2.45660e-09 -2.96320e-09 -3.24120e-09
 -3.62660e-09 -3.92720e-09 -4.79280e-09 -5.28860e-09 -6.31620e-09
 -6.65700e-09 -7.83630e-09 -8.60370e-09 -9.86620e-09 -1.09917e-08
 -1.15353e-08 -1.32125e-08 -1.41311e-08 -1.69840e-08 -1.83490e-08
 -2.08460e-08 -2.20500e-08 -2.52180e-08 -2.82860e-08 -3.10440e-08
 -3.32860e-08 -3.76170e-08 -4.02750e-08 -4.59140e-08 -4.94620e-08
 -5.45040e-08 -5.79150e-08 -6.15890e-08 -6.83730e-08 -7.15780e-08
 -8.15870e-08 -8.53400e-08 -9.34800e-08 -9.97970e-08 -1.09594e-07
 -1.14632e-07 -1.25600e-07 -1.31667e-07 -1.43990e-07 -1.49327e-07
 -1.61910e-07 -1.66573e-07 -1.82348e-07 -1.89088e-07 -1.95663e-07
 -2.12150e-07 -2.17560e-07 -2.34940e-07 -2.42950e-07 -2.55010e-07
 -2.63890e-07 -2.84280e-07 -2.88440e-07 -3.07290e-07 -3.18100e-07
 -3.34460e-07 -3.41550e-07 -3.63730e-07 -3.74340e-07 -3.93260e-07
 -4.01550e-07 -4.08730e-07 -4.32450e-07 -4.45310e-07 -4.60550e-07
 -4.73320e-07 -4.95750e-07 -5.09930e-07 -5.32520e-07 -5.42520e-07
 -5.62470e-07 -5.76810e-07 -6.04580e-07 -6.05250e-07 -6.37020e-07
 -6.43290e-07 -6.76080e-07 -6.80660e-07 -7.06510e-07 -7.22370e-07
 -7.28640e-07 -7.57810e-07 -7.71090e-07 -8.05870e-07 -8.12990e-07
 -8.48310e-07 -8.52400e-07 -8.97020e-07 -8.99180e-07 -9.31790e-07
 -9.49090e-07 -9.83950e-07 -9.82960e-07 -1.02252e-06 -1.03950e-06
 -1.06939e-06][ 2.00000000e-01  1.95000000e-01  1.90000000e-01  1.85000000e-01
  1.80000000e-01  1.75000000e-01  1.70000000e-01  1.65000000e-01
  1.60000000e-01  1.55000000e-01  1.50000000e-01  1.45000000e-01
  1.40000000e-01  1.35000000e-01  1.30000000e-01  1.25000000e-01
  1.20000000e-01  1.15000000e-01  1.10000000e-01  1.05000000e-01
  1.00000000e-01  9.50000000e-02  9.00000000e-02  8.50000000e-02
  8.00000000e-02  7.50000000e-02  7.00000000e-02  6.50000000e-02
  6.00000000e-02  5.50000000e-02  5.00000000e-02  4.50000000e-02
  4.00000000e-02  3.50000000e-02  3.00000000e-02  2.50000000e-02
  2.00000000e-02  1.50000000e-02  1.00000000e-02  5.00000000e-03
 -1.66533454e-16 -5.00000000e-03 -1.00000000e-02 -1.50000000e-02
 -2.00000000e-02 -2.50000000e-02 -3.00000000e-02 -3.50000000e-02
 -4.00000000e-02 -4.50000000e-02 -5.00000000e-02 -5.50000000e-02
 -6.00000000e-02 -6.50000000e-02 -7.00000000e-02 -7.50000000e-02
 -8.00000000e-02 -8.50000000e-02 -9.00000000e-02 -9.50000000e-02
 -1.00000000e-01 -1.05000000e-01 -1.10000000e-01 -1.15000000e-01
 -1.20000000e-01 -1.25000000e-01 -1.30000000e-01 -1.35000000e-01
 -1.40000000e-01 -1.45000000e-01 -1.50000000e-01 -1.55000000e-01
 -1.60000000e-01 -1.65000000e-01 -1.70000000e-01 -1.75000000e-01
 -1.80000000e-01 -1.85000000e-01 -1.90000000e-01 -1.95000000e-01
 -2.00000000e-01 -2.05000000e-01 -2.10000000e-01 -2.15000000e-01
 -2.20000000e-01 -2.25000000e-01 -2.30000000e-01 -2.35000000e-01
 -2.40000000e-01 -2.45000000e-01 -2.50000000e-01 -2.55000000e-01
 -2.60000000e-01 -2.65000000e-01 -2.70000000e-01 -2.75000000e-01
 -2.80000000e-01 -2.85000000e-01 -2.90000000e-01 -2.95000000e-01
 -3.00000000e-01 -3.05000000e-01 -3.10000000e-01 -3.15000000e-01
 -3.20000000e-01 -3.25000000e-01 -3.30000000e-01 -3.35000000e-01
 -3.40000000e-01 -3.45000000e-01 -3.50000000e-01 -3.55000000e-01
 -3.60000000e-01 -3.65000000e-01 -3.70000000e-01 -3.75000000e-01
 -3.80000000e-01 -3.85000000e-01 -3.90000000e-01 -3.95000000e-01
 -4.00000000e-01 -4.05000000e-01 -4.10000000e-01 -4.15000000e-01
 -4.20000000e-01 -4.25000000e-01 -4.30000000e-01 -4.35000000e-01
 -4.40000000e-01 -4.45000000e-01 -4.50000000e-01 -4.55000000e-01
 -4.60000000e-01 -4.65000000e-01 -4.70000000e-01 -4.75000000e-01
 -4.80000000e-01 -4.85000000e-01 -4.90000000e-01 -4.95000000e-01
 -5.00000000e-01 -5.05000000e-01 -5.10000000e-01 -5.15000000e-01
 -5.20000000e-01 -5.25000000e-01 -5.30000000e-01 -5.35000000e-01
 -5.40000000e-01 -5.45000000e-01 -5.50000000e-01 -5.55000000e-01
 -5.60000000e-01 -5.65000000e-01 -5.70000000e-01 -5.75000000e-01
 -5.80000000e-01 -5.85000000e-01 -5.90000000e-01 -5.95000000e-01
 -6.00000000e-01 -6.05000000e-01 -6.10000000e-01 -6.15000000e-01
 -6.20000000e-01 -6.25000000e-01 -6.30000000e-01 -6.35000000e-01
 -6.40000000e-01 -6.45000000e-01 -6.50000000e-01 -6.55000000e-01
 -6.60000000e-01 -6.65000000e-01 -6.70000000e-01 -6.75000000e-01
 -6.80000000e-01 -6.85000000e-01 -6.90000000e-01 -6.95000000e-01
 -7.00000000e-01 -7.05000000e-01 -7.10000000e-01 -7.15000000e-01
 -7.20000000e-01 -7.25000000e-01 -7.30000000e-01 -7.35000000e-01
 -7.40000000e-01 -7.45000000e-01 -7.50000000e-01 -7.55000000e-01
 -7.60000000e-01 -7.65000000e-01 -7.70000000e-01 -7.75000000e-01
 -7.80000000e-01 -7.85000000e-01 -7.90000000e-01 -7.95000000e-01
 -8.00000000e-01 -8.05000000e-01 -8.10000000e-01 -8.15000000e-01
 -8.20000000e-01 -8.25000000e-01 -8.30000000e-01 -8.35000000e-01
 -8.40000000e-01 -8.45000000e-01 -8.50000000e-01 -8.55000000e-01
 -8.60000000e-01 -8.65000000e-01 -8.70000000e-01 -8.75000000e-01
 -8.80000000e-01 -8.85000000e-01 -8.90000000e-01 -8.95000000e-01
 -9.00000000e-01 -9.05000000e-01 -9.10000000e-01 -9.15000000e-01
 -9.20000000e-01 -9.25000000e-01 -9.30000000e-01 -9.35000000e-01
 -9.40000000e-01 -9.45000000e-01 -9.50000000e-01 -9.55000000e-01
 -9.60000000e-01 -9.65000000e-01 -9.70000000e-01 -9.75000000e-01
 -9.80000000e-01 -9.85000000e-01 -9.90000000e-01 -9.95000000e-01
 -1.00000000e+00]