[ 1.10000e-11  1.55000e-11  1.29000e-11  1.27000e-11  8.30000e-12
  1.26000e-11  9.60000e-12  1.44000e-11  1.48000e-11  1.00000e-11
  1.08000e-11  1.30000e-11  1.30000e-11  9.70000e-12  9.30000e-12
  6.40000e-12  5.70000e-12  7.00000e-12  7.60000e-12  7.80000e-12
  5.60000e-12  5.80000e-12  6.00000e-12  8.30000e-12  4.30000e-12
  3.90000e-12 -1.00000e-13  7.90000e-12  4.60000e-12  1.50000e-12
  3.50000e-12 -7.00000e-13  5.60000e-12  4.30000e-12  3.20000e-12
  1.80000e-12  5.10000e-12  3.40000e-12 -1.40000e-12  3.10000e-12
  1.10000e-12  2.70000e-12 -3.10000e-12 -2.60000e-12 -5.00000e-13
 -3.80000e-12 -2.30000e-12 -3.20000e-12 -1.31000e-11 -1.02000e-11
 -1.35000e-11 -1.75000e-11 -2.86000e-11 -2.67000e-11 -3.88000e-11
 -4.18000e-11 -5.11000e-11 -5.94000e-11 -7.89000e-11 -8.36000e-11
 -1.03900e-10 -1.20500e-10 -1.52300e-10 -1.65500e-10 -2.02500e-10
 -2.30700e-10 -2.63000e-10 -3.28100e-10 -3.43100e-10 -4.37300e-10
 -5.10400e-10 -6.23900e-10 -7.02600e-10 -8.42900e-10 -9.01700e-10
 -1.12530e-09 -1.26800e-09 -1.49100e-09 -1.70600e-09 -2.06810e-09
 -2.22630e-09 -2.78440e-09 -2.97390e-09 -3.57070e-09 -4.08360e-09
 -4.31760e-09 -5.34890e-09 -5.73140e-09 -7.04050e-09 -7.38930e-09
 -9.36070e-09 -9.98490e-09 -1.13885e-08 -1.34234e-08 -1.57410e-08
 -1.69700e-08 -1.96950e-08 -2.18920e-08 -2.60850e-08 -2.82520e-08
 -3.27980e-08 -3.54280e-08 -3.81480e-08 -4.46600e-08 -4.87030e-08
 -5.79570e-08 -6.23630e-08 -7.24210e-08 -7.67520e-08 -8.99520e-08
 -9.74720e-08 -1.11530e-07 -1.20682e-07 -1.38006e-07 -1.44176e-07
 -1.59958e-07 -1.74790e-07 -1.91130e-07 -2.03020e-07 -2.18090e-07
 -2.46520e-07 -2.65320e-07 -2.95580e-07 -3.13850e-07 -3.45090e-07
 -3.70710e-07 -4.14830e-07 -4.35620e-07 -4.76880e-07 -5.02670e-07
 -5.54620e-07 -5.74660e-07 -6.23220e-07 -6.51260e-07 -7.24690e-07
 -7.66440e-07 -7.78940e-07 -8.56780e-07 -8.92940e-07 -9.41940e-07
 -9.97130e-07 -1.06793e-06 -1.12160e-06 -1.20185e-06 -1.23000e-06
 -1.35250e-06 -1.35906e-06 -1.46967e-06 -1.53359e-06 -1.65444e-06
 -1.70019e-06 -1.79067e-06 -1.84214e-06 -1.97144e-06 -2.05778e-06
 -2.11200e-06 -2.19660e-06 -2.29140e-06 -2.39750e-06 -2.48730e-06
 -2.60140e-06 -2.68280e-06 -2.82710e-06 -2.89210e-06 -3.04700e-06
 -3.10000e-06 -3.24330e-06 -3.35510e-06 -3.49900e-06 -3.58750e-06
 -3.76570e-06 -3.85350e-06 -3.94930e-06 -4.15090e-06 -4.20760e-06
 -4.33790e-06 -4.49410e-06 -4.65070e-06 -4.74830e-06 -4.90550e-06
 -5.05680e-06 -5.21560e-06 -5.35040e-06 -5.56690e-06 -5.59830e-06
 -5.82040e-06 -5.92720e-06 -6.11060e-06 -6.24290e-06 -6.34760e-06
 -6.59970e-06 -6.69510e-06 -6.92260e-06 -7.03230e-06 -7.28110e-06
 -7.37830e-06 -7.61890e-06 -7.76260e-06 -7.96330e-06 -8.17360e-06
 -8.39200e-06 -8.48650e-06 -8.71090e-06 -8.88630e-06 -9.11560e-06
 -9.26780e-06 -9.36460e-06 -9.64350e-06 -9.80820e-06 -1.00809e-05
 -1.01463e-05 -1.04508e-05 -1.06250e-05 -1.08547e-05 -1.09652e-05
 -1.13375e-05 -1.14438e-05 -1.17405e-05 -1.18793e-05 -1.21506e-05
 -1.23084e-05 -1.26308e-05 -1.27622e-05 -1.30023e-05 -1.31961e-05
 -1.33749e-05 -1.37008e-05 -1.38405e-05 -1.41345e-05 -1.42119e-05
 -1.45910e-05 -1.47723e-05 -1.51163e-05 -1.52977e-05 -1.56218e-05
 -1.57411e-05 -1.60628e-05 -1.62265e-05 -1.65057e-05 -1.67486e-05
 -1.70669e-05][ 2.00000000e-01  1.95000000e-01  1.90000000e-01  1.85000000e-01
  1.80000000e-01  1.75000000e-01  1.70000000e-01  1.65000000e-01
  1.60000000e-01  1.55000000e-01  1.50000000e-01  1.45000000e-01
  1.40000000e-01  1.35000000e-01  1.30000000e-01  1.25000000e-01
  1.20000000e-01  1.15000000e-01  1.10000000e-01  1.05000000e-01
  1.00000000e-01  9.50000000e-02  9.00000000e-02  8.50000000e-02
  8.00000000e-02  7.50000000e-02  7.00000000e-02  6.50000000e-02
  6.00000000e-02  5.50000000e-02  5.00000000e-02  4.50000000e-02
  4.00000000e-02  3.50000000e-02  3.00000000e-02  2.50000000e-02
  2.00000000e-02  1.50000000e-02  1.00000000e-02  5.00000000e-03
 -1.66533454e-16 -5.00000000e-03 -1.00000000e-02 -1.50000000e-02
 -2.00000000e-02 -2.50000000e-02 -3.00000000e-02 -3.50000000e-02
 -4.00000000e-02 -4.50000000e-02 -5.00000000e-02 -5.50000000e-02
 -6.00000000e-02 -6.50000000e-02 -7.00000000e-02 -7.50000000e-02
 -8.00000000e-02 -8.50000000e-02 -9.00000000e-02 -9.50000000e-02
 -1.00000000e-01 -1.05000000e-01 -1.10000000e-01 -1.15000000e-01
 -1.20000000e-01 -1.25000000e-01 -1.30000000e-01 -1.35000000e-01
 -1.40000000e-01 -1.45000000e-01 -1.50000000e-01 -1.55000000e-01
 -1.60000000e-01 -1.65000000e-01 -1.70000000e-01 -1.75000000e-01
 -1.80000000e-01 -1.85000000e-01 -1.90000000e-01 -1.95000000e-01
 -2.00000000e-01 -2.05000000e-01 -2.10000000e-01 -2.15000000e-01
 -2.20000000e-01 -2.25000000e-01 -2.30000000e-01 -2.35000000e-01
 -2.40000000e-01 -2.45000000e-01 -2.50000000e-01 -2.55000000e-01
 -2.60000000e-01 -2.65000000e-01 -2.70000000e-01 -2.75000000e-01
 -2.80000000e-01 -2.85000000e-01 -2.90000000e-01 -2.95000000e-01
 -3.00000000e-01 -3.05000000e-01 -3.10000000e-01 -3.15000000e-01
 -3.20000000e-01 -3.25000000e-01 -3.30000000e-01 -3.35000000e-01
 -3.40000000e-01 -3.45000000e-01 -3.50000000e-01 -3.55000000e-01
 -3.60000000e-01 -3.65000000e-01 -3.70000000e-01 -3.75000000e-01
 -3.80000000e-01 -3.85000000e-01 -3.90000000e-01 -3.95000000e-01
 -4.00000000e-01 -4.05000000e-01 -4.10000000e-01 -4.15000000e-01
 -4.20000000e-01 -4.25000000e-01 -4.30000000e-01 -4.35000000e-01
 -4.40000000e-01 -4.45000000e-01 -4.50000000e-01 -4.55000000e-01
 -4.60000000e-01 -4.65000000e-01 -4.70000000e-01 -4.75000000e-01
 -4.80000000e-01 -4.85000000e-01 -4.90000000e-01 -4.95000000e-01
 -5.00000000e-01 -5.05000000e-01 -5.10000000e-01 -5.15000000e-01
 -5.20000000e-01 -5.25000000e-01 -5.30000000e-01 -5.35000000e-01
 -5.40000000e-01 -5.45000000e-01 -5.50000000e-01 -5.55000000e-01
 -5.60000000e-01 -5.65000000e-01 -5.70000000e-01 -5.75000000e-01
 -5.80000000e-01 -5.85000000e-01 -5.90000000e-01 -5.95000000e-01
 -6.00000000e-01 -6.05000000e-01 -6.10000000e-01 -6.15000000e-01
 -6.20000000e-01 -6.25000000e-01 -6.30000000e-01 -6.35000000e-01
 -6.40000000e-01 -6.45000000e-01 -6.50000000e-01 -6.55000000e-01
 -6.60000000e-01 -6.65000000e-01 -6.70000000e-01 -6.75000000e-01
 -6.80000000e-01 -6.85000000e-01 -6.90000000e-01 -6.95000000e-01
 -7.00000000e-01 -7.05000000e-01 -7.10000000e-01 -7.15000000e-01
 -7.20000000e-01 -7.25000000e-01 -7.30000000e-01 -7.35000000e-01
 -7.40000000e-01 -7.45000000e-01 -7.50000000e-01 -7.55000000e-01
 -7.60000000e-01 -7.65000000e-01 -7.70000000e-01 -7.75000000e-01
 -7.80000000e-01 -7.85000000e-01 -7.90000000e-01 -7.95000000e-01
 -8.00000000e-01 -8.05000000e-01 -8.10000000e-01 -8.15000000e-01
 -8.20000000e-01 -8.25000000e-01 -8.30000000e-01 -8.35000000e-01
 -8.40000000e-01 -8.45000000e-01 -8.50000000e-01 -8.55000000e-01
 -8.60000000e-01 -8.65000000e-01 -8.70000000e-01 -8.75000000e-01
 -8.80000000e-01 -8.85000000e-01 -8.90000000e-01 -8.95000000e-01
 -9.00000000e-01 -9.05000000e-01 -9.10000000e-01 -9.15000000e-01
 -9.20000000e-01 -9.25000000e-01 -9.30000000e-01 -9.35000000e-01
 -9.40000000e-01 -9.45000000e-01 -9.50000000e-01 -9.55000000e-01
 -9.60000000e-01 -9.65000000e-01 -9.70000000e-01 -9.75000000e-01
 -9.80000000e-01 -9.85000000e-01 -9.90000000e-01 -9.95000000e-01
 -1.00000000e+00]