[ 1.32820e-09  1.34920e-09  1.39980e-09  1.33780e-09  1.34740e-09
  1.26650e-09  1.25230e-09  1.15450e-09  1.12420e-09  1.02350e-09
  9.90600e-10  8.91700e-10  8.48800e-10  8.12800e-10  7.32300e-10
  6.96600e-10  6.20200e-10  5.86500e-10  5.20800e-10  4.90600e-10
  4.34700e-10  4.13000e-10  3.63200e-10  3.35600e-10  2.97100e-10
  2.72900e-10  2.42700e-10  2.27200e-10  1.97700e-10  1.85400e-10
  1.59200e-10  1.54500e-10  1.42700e-10  1.23100e-10  1.16100e-10
  1.07400e-10  9.71000e-11  8.51000e-11  8.00000e-11  7.03000e-11
  6.93000e-11  7.00000e-11  5.69000e-11  5.08000e-11  4.80000e-11
  4.36000e-11  4.13000e-11  3.79000e-11  3.82000e-11  3.65000e-11
  3.27000e-11  3.24000e-11  3.10000e-11  3.04000e-11  3.05000e-11
  2.89000e-11  2.77000e-11  2.73000e-11  2.77000e-11  2.48000e-11
  2.80000e-11  2.63000e-11  2.67000e-11  2.78000e-11  2.71000e-11
  2.11000e-11  2.40000e-11  2.55000e-11  2.36000e-11  2.16000e-11
  2.40000e-11  2.37000e-11  2.21000e-11  2.00000e-11  2.04000e-11
  2.11000e-11  2.41000e-11  2.02000e-11  2.04000e-11  1.91000e-11
  1.77000e-11  1.94000e-11  1.69000e-11  1.67000e-11  1.88000e-11
  1.75000e-11  1.60000e-11  1.74000e-11  1.61000e-11  1.94000e-11
  1.31000e-11  1.34000e-11  1.40000e-11  1.33000e-11  1.02000e-11
  1.12000e-11  1.35000e-11  1.09000e-11  8.50000e-12  9.80000e-12
  8.20000e-12  8.90000e-12  5.40000e-12  2.50000e-12  5.30000e-12
  2.20000e-12  3.00000e-12  1.80000e-12  1.40000e-12 -4.30000e-12
  2.10000e-12 -6.00000e-13 -4.30000e-12 -2.70000e-12 -6.80000e-12
 -9.40000e-12 -8.70000e-12 -1.24000e-11 -1.31000e-11 -1.51000e-11
 -2.08000e-11 -2.44000e-11 -2.87000e-11 -3.24000e-11 -4.47000e-11
 -4.52000e-11 -6.03000e-11 -6.42000e-11 -8.01000e-11 -9.14000e-11
 -1.15900e-10 -1.27100e-10 -1.55400e-10 -1.75400e-10 -2.15400e-10
 -2.45500e-10 -2.78900e-10 -3.32400e-10 -3.81700e-10 -4.51800e-10
 -5.10200e-10 -6.26800e-10 -6.93000e-10 -8.40600e-10 -9.22200e-10
 -1.11670e-09 -1.25460e-09 -1.57140e-09 -1.71890e-09 -2.06650e-09
 -2.22610e-09 -2.69810e-09 -3.01150e-09 -3.57920e-09 -3.91330e-09
 -4.40400e-09 -5.20330e-09 -5.70720e-09 -6.76070e-09 -7.49850e-09
 -8.93470e-09 -9.78070e-09 -1.13744e-08 -1.25844e-08 -1.47509e-08
 -1.61750e-08 -1.88690e-08 -2.03220e-08 -2.35270e-08 -2.55540e-08
 -2.98010e-08 -3.19050e-08 -3.44020e-08 -3.99020e-08 -4.24390e-08
 -4.88700e-08 -5.19460e-08 -5.92020e-08 -6.26110e-08 -7.06440e-08
 -7.50730e-08 -8.43980e-08 -8.79110e-08 -9.95000e-08 -1.05399e-07
 -1.16355e-07 -1.21282e-07 -1.34162e-07 -1.41055e-07 -1.46343e-07
 -1.61706e-07 -1.69331e-07 -1.84108e-07 -1.89827e-07 -2.07830e-07
 -2.16000e-07 -2.31510e-07 -2.37490e-07 -2.58830e-07 -2.67040e-07
 -2.87470e-07 -2.97140e-07 -3.19560e-07 -3.29660e-07 -3.46870e-07
 -3.60970e-07 -3.67700e-07 -3.89550e-07 -4.02110e-07 -4.21480e-07
 -4.33590e-07 -4.63580e-07 -4.71550e-07 -4.99540e-07 -5.08750e-07
 -5.31000e-07 -5.41560e-07 -5.66960e-07 -5.87400e-07 -6.14250e-07
 -6.21230e-07 -6.56610e-07 -6.61900e-07 -6.91210e-07 -6.95800e-07
 -7.14440e-07 -7.50260e-07 -7.57360e-07 -7.93120e-07 -8.03500e-07
 -8.33490e-07 -8.49860e-07 -8.76580e-07 -8.90630e-07 -9.27310e-07
 -9.35810e-07 -9.66710e-07 -9.84550e-07 -1.01804e-06 -1.02631e-06
 -1.07281e-06][ 2.00000000e-01  1.95000000e-01  1.90000000e-01  1.85000000e-01
  1.80000000e-01  1.75000000e-01  1.70000000e-01  1.65000000e-01
  1.60000000e-01  1.55000000e-01  1.50000000e-01  1.45000000e-01
  1.40000000e-01  1.35000000e-01  1.30000000e-01  1.25000000e-01
  1.20000000e-01  1.15000000e-01  1.10000000e-01  1.05000000e-01
  1.00000000e-01  9.50000000e-02  9.00000000e-02  8.50000000e-02
  8.00000000e-02  7.50000000e-02  7.00000000e-02  6.50000000e-02
  6.00000000e-02  5.50000000e-02  5.00000000e-02  4.50000000e-02
  4.00000000e-02  3.50000000e-02  3.00000000e-02  2.50000000e-02
  2.00000000e-02  1.50000000e-02  1.00000000e-02  5.00000000e-03
 -1.66533454e-16 -5.00000000e-03 -1.00000000e-02 -1.50000000e-02
 -2.00000000e-02 -2.50000000e-02 -3.00000000e-02 -3.50000000e-02
 -4.00000000e-02 -4.50000000e-02 -5.00000000e-02 -5.50000000e-02
 -6.00000000e-02 -6.50000000e-02 -7.00000000e-02 -7.50000000e-02
 -8.00000000e-02 -8.50000000e-02 -9.00000000e-02 -9.50000000e-02
 -1.00000000e-01 -1.05000000e-01 -1.10000000e-01 -1.15000000e-01
 -1.20000000e-01 -1.25000000e-01 -1.30000000e-01 -1.35000000e-01
 -1.40000000e-01 -1.45000000e-01 -1.50000000e-01 -1.55000000e-01
 -1.60000000e-01 -1.65000000e-01 -1.70000000e-01 -1.75000000e-01
 -1.80000000e-01 -1.85000000e-01 -1.90000000e-01 -1.95000000e-01
 -2.00000000e-01 -2.05000000e-01 -2.10000000e-01 -2.15000000e-01
 -2.20000000e-01 -2.25000000e-01 -2.30000000e-01 -2.35000000e-01
 -2.40000000e-01 -2.45000000e-01 -2.50000000e-01 -2.55000000e-01
 -2.60000000e-01 -2.65000000e-01 -2.70000000e-01 -2.75000000e-01
 -2.80000000e-01 -2.85000000e-01 -2.90000000e-01 -2.95000000e-01
 -3.00000000e-01 -3.05000000e-01 -3.10000000e-01 -3.15000000e-01
 -3.20000000e-01 -3.25000000e-01 -3.30000000e-01 -3.35000000e-01
 -3.40000000e-01 -3.45000000e-01 -3.50000000e-01 -3.55000000e-01
 -3.60000000e-01 -3.65000000e-01 -3.70000000e-01 -3.75000000e-01
 -3.80000000e-01 -3.85000000e-01 -3.90000000e-01 -3.95000000e-01
 -4.00000000e-01 -4.05000000e-01 -4.10000000e-01 -4.15000000e-01
 -4.20000000e-01 -4.25000000e-01 -4.30000000e-01 -4.35000000e-01
 -4.40000000e-01 -4.45000000e-01 -4.50000000e-01 -4.55000000e-01
 -4.60000000e-01 -4.65000000e-01 -4.70000000e-01 -4.75000000e-01
 -4.80000000e-01 -4.85000000e-01 -4.90000000e-01 -4.95000000e-01
 -5.00000000e-01 -5.05000000e-01 -5.10000000e-01 -5.15000000e-01
 -5.20000000e-01 -5.25000000e-01 -5.30000000e-01 -5.35000000e-01
 -5.40000000e-01 -5.45000000e-01 -5.50000000e-01 -5.55000000e-01
 -5.60000000e-01 -5.65000000e-01 -5.70000000e-01 -5.75000000e-01
 -5.80000000e-01 -5.85000000e-01 -5.90000000e-01 -5.95000000e-01
 -6.00000000e-01 -6.05000000e-01 -6.10000000e-01 -6.15000000e-01
 -6.20000000e-01 -6.25000000e-01 -6.30000000e-01 -6.35000000e-01
 -6.40000000e-01 -6.45000000e-01 -6.50000000e-01 -6.55000000e-01
 -6.60000000e-01 -6.65000000e-01 -6.70000000e-01 -6.75000000e-01
 -6.80000000e-01 -6.85000000e-01 -6.90000000e-01 -6.95000000e-01
 -7.00000000e-01 -7.05000000e-01 -7.10000000e-01 -7.15000000e-01
 -7.20000000e-01 -7.25000000e-01 -7.30000000e-01 -7.35000000e-01
 -7.40000000e-01 -7.45000000e-01 -7.50000000e-01 -7.55000000e-01
 -7.60000000e-01 -7.65000000e-01 -7.70000000e-01 -7.75000000e-01
 -7.80000000e-01 -7.85000000e-01 -7.90000000e-01 -7.95000000e-01
 -8.00000000e-01 -8.05000000e-01 -8.10000000e-01 -8.15000000e-01
 -8.20000000e-01 -8.25000000e-01 -8.30000000e-01 -8.35000000e-01
 -8.40000000e-01 -8.45000000e-01 -8.50000000e-01 -8.55000000e-01
 -8.60000000e-01 -8.65000000e-01 -8.70000000e-01 -8.75000000e-01
 -8.80000000e-01 -8.85000000e-01 -8.90000000e-01 -8.95000000e-01
 -9.00000000e-01 -9.05000000e-01 -9.10000000e-01 -9.15000000e-01
 -9.20000000e-01 -9.25000000e-01 -9.30000000e-01 -9.35000000e-01
 -9.40000000e-01 -9.45000000e-01 -9.50000000e-01 -9.55000000e-01
 -9.60000000e-01 -9.65000000e-01 -9.70000000e-01 -9.75000000e-01
 -9.80000000e-01 -9.85000000e-01 -9.90000000e-01 -9.95000000e-01
 -1.00000000e+00]