[ 1.53990e-09  1.43600e-09  1.39700e-09  1.31980e-09  1.25010e-09
  1.21010e-09  1.14030e-09  1.07410e-09  1.07280e-09  9.96900e-10
  1.01150e-09  9.20500e-10  8.87200e-10  8.90300e-10  8.17200e-10
  8.22400e-10  8.00400e-10  7.27100e-10  6.73200e-10  6.66100e-10
  6.38500e-10  6.09500e-10  5.77300e-10  5.49600e-10  5.14900e-10
  5.12500e-10  4.76500e-10  4.68500e-10  4.42300e-10  4.18000e-10
  3.88700e-10  3.88300e-10  3.83000e-10  3.69900e-10  3.67000e-10
  3.32000e-10  3.27200e-10  3.01800e-10  3.03000e-10  2.91400e-10
  2.84600e-10  2.93200e-10  2.60500e-10  2.59000e-10  2.49500e-10
  2.31400e-10  2.30600e-10  2.11800e-10  2.11900e-10  2.10500e-10
  2.00600e-10  2.01800e-10  1.88300e-10  1.86100e-10  1.79000e-10
  1.74100e-10  1.75900e-10  1.67900e-10  1.55700e-10  1.56800e-10
  1.44300e-10  1.44800e-10  1.37100e-10  1.38800e-10  1.27900e-10
  1.26900e-10  1.22500e-10  1.19500e-10  1.17500e-10  1.12200e-10
  1.14400e-10  1.05000e-10  1.03400e-10  1.04900e-10  1.06400e-10
  9.44000e-11  9.53000e-11  7.73000e-11  8.49000e-11  8.83000e-11
  8.46000e-11  7.92000e-11  8.02000e-11  7.59000e-11  7.40000e-11
  7.70000e-11  6.96000e-11  7.09000e-11  7.04000e-11  6.33000e-11
  6.46000e-11  5.80000e-11  5.95000e-11  5.27000e-11  5.43000e-11
  4.80000e-11  4.59000e-11  4.68000e-11  3.50000e-11  3.77000e-11
  3.04000e-11  2.85000e-11  2.27000e-11  2.09000e-11  1.52000e-11
  7.10000e-12 -1.60000e-12 -1.47000e-11 -1.57000e-11 -2.94000e-11
 -3.86000e-11 -5.20000e-11 -6.74000e-11 -9.56000e-11 -1.02500e-10
 -1.42400e-10 -1.63200e-10 -1.98800e-10 -2.23500e-10 -2.45100e-10
 -3.07600e-10 -3.50600e-10 -4.28600e-10 -4.78300e-10 -5.59100e-10
 -6.31100e-10 -7.58900e-10 -8.81800e-10 -1.06590e-09 -1.12340e-09
 -1.35780e-09 -1.54590e-09 -1.83040e-09 -2.00690e-09 -2.38260e-09
 -2.64060e-09 -2.87340e-09 -3.45370e-09 -3.80010e-09 -4.32570e-09
 -4.85070e-09 -5.88350e-09 -6.36330e-09 -7.38280e-09 -7.90370e-09
 -9.15950e-09 -1.01499e-08 -1.20585e-08 -1.26721e-08 -1.47520e-08
 -1.62770e-08 -1.89860e-08 -2.02360e-08 -2.30170e-08 -2.52830e-08
 -2.65550e-08 -3.07090e-08 -3.32620e-08 -3.73730e-08 -4.00200e-08
 -4.55670e-08 -4.89370e-08 -5.47790e-08 -5.80630e-08 -6.55070e-08
 -7.04100e-08 -7.68890e-08 -8.18650e-08 -9.23570e-08 -9.54660e-08
 -1.06296e-07 -1.09277e-07 -1.14920e-07 -1.29710e-07 -1.34001e-07
 -1.48256e-07 -1.51482e-07 -1.67464e-07 -1.73083e-07 -1.86788e-07
 -1.96027e-07 -2.11670e-07 -2.17120e-07 -2.34480e-07 -2.40150e-07
 -2.60650e-07 -2.67980e-07 -2.82760e-07 -2.92220e-07 -2.99960e-07
 -3.18940e-07 -3.27070e-07 -3.46890e-07 -3.54870e-07 -3.74090e-07
 -3.85710e-07 -4.06250e-07 -4.16910e-07 -4.34560e-07 -4.47490e-07
 -4.71140e-07 -4.72600e-07 -4.98530e-07 -5.15570e-07 -5.34740e-07
 -5.51260e-07 -5.53240e-07 -5.79000e-07 -5.83900e-07 -6.09430e-07
 -6.17660e-07 -6.48200e-07 -6.52770e-07 -6.80310e-07 -6.89840e-07
 -7.18000e-07 -7.25790e-07 -7.60130e-07 -7.69640e-07 -8.01210e-07
 -8.03210e-07 -8.36230e-07 -8.36840e-07 -8.72790e-07 -8.72530e-07
 -8.86420e-07 -9.17670e-07 -9.26880e-07 -9.54980e-07 -9.54660e-07
 -1.00671e-06 -1.00163e-06 -1.03879e-06 -1.04558e-06 -1.07681e-06
 -1.09257e-06 -1.11927e-06 -1.11845e-06 -1.16932e-06 -1.16236e-06
 -1.20744e-06][ 2.00000000e-01  1.95000000e-01  1.90000000e-01  1.85000000e-01
  1.80000000e-01  1.75000000e-01  1.70000000e-01  1.65000000e-01
  1.60000000e-01  1.55000000e-01  1.50000000e-01  1.45000000e-01
  1.40000000e-01  1.35000000e-01  1.30000000e-01  1.25000000e-01
  1.20000000e-01  1.15000000e-01  1.10000000e-01  1.05000000e-01
  1.00000000e-01  9.50000000e-02  9.00000000e-02  8.50000000e-02
  8.00000000e-02  7.50000000e-02  7.00000000e-02  6.50000000e-02
  6.00000000e-02  5.50000000e-02  5.00000000e-02  4.50000000e-02
  4.00000000e-02  3.50000000e-02  3.00000000e-02  2.50000000e-02
  2.00000000e-02  1.50000000e-02  1.00000000e-02  5.00000000e-03
 -1.66533454e-16 -5.00000000e-03 -1.00000000e-02 -1.50000000e-02
 -2.00000000e-02 -2.50000000e-02 -3.00000000e-02 -3.50000000e-02
 -4.00000000e-02 -4.50000000e-02 -5.00000000e-02 -5.50000000e-02
 -6.00000000e-02 -6.50000000e-02 -7.00000000e-02 -7.50000000e-02
 -8.00000000e-02 -8.50000000e-02 -9.00000000e-02 -9.50000000e-02
 -1.00000000e-01 -1.05000000e-01 -1.10000000e-01 -1.15000000e-01
 -1.20000000e-01 -1.25000000e-01 -1.30000000e-01 -1.35000000e-01
 -1.40000000e-01 -1.45000000e-01 -1.50000000e-01 -1.55000000e-01
 -1.60000000e-01 -1.65000000e-01 -1.70000000e-01 -1.75000000e-01
 -1.80000000e-01 -1.85000000e-01 -1.90000000e-01 -1.95000000e-01
 -2.00000000e-01 -2.05000000e-01 -2.10000000e-01 -2.15000000e-01
 -2.20000000e-01 -2.25000000e-01 -2.30000000e-01 -2.35000000e-01
 -2.40000000e-01 -2.45000000e-01 -2.50000000e-01 -2.55000000e-01
 -2.60000000e-01 -2.65000000e-01 -2.70000000e-01 -2.75000000e-01
 -2.80000000e-01 -2.85000000e-01 -2.90000000e-01 -2.95000000e-01
 -3.00000000e-01 -3.05000000e-01 -3.10000000e-01 -3.15000000e-01
 -3.20000000e-01 -3.25000000e-01 -3.30000000e-01 -3.35000000e-01
 -3.40000000e-01 -3.45000000e-01 -3.50000000e-01 -3.55000000e-01
 -3.60000000e-01 -3.65000000e-01 -3.70000000e-01 -3.75000000e-01
 -3.80000000e-01 -3.85000000e-01 -3.90000000e-01 -3.95000000e-01
 -4.00000000e-01 -4.05000000e-01 -4.10000000e-01 -4.15000000e-01
 -4.20000000e-01 -4.25000000e-01 -4.30000000e-01 -4.35000000e-01
 -4.40000000e-01 -4.45000000e-01 -4.50000000e-01 -4.55000000e-01
 -4.60000000e-01 -4.65000000e-01 -4.70000000e-01 -4.75000000e-01
 -4.80000000e-01 -4.85000000e-01 -4.90000000e-01 -4.95000000e-01
 -5.00000000e-01 -5.05000000e-01 -5.10000000e-01 -5.15000000e-01
 -5.20000000e-01 -5.25000000e-01 -5.30000000e-01 -5.35000000e-01
 -5.40000000e-01 -5.45000000e-01 -5.50000000e-01 -5.55000000e-01
 -5.60000000e-01 -5.65000000e-01 -5.70000000e-01 -5.75000000e-01
 -5.80000000e-01 -5.85000000e-01 -5.90000000e-01 -5.95000000e-01
 -6.00000000e-01 -6.05000000e-01 -6.10000000e-01 -6.15000000e-01
 -6.20000000e-01 -6.25000000e-01 -6.30000000e-01 -6.35000000e-01
 -6.40000000e-01 -6.45000000e-01 -6.50000000e-01 -6.55000000e-01
 -6.60000000e-01 -6.65000000e-01 -6.70000000e-01 -6.75000000e-01
 -6.80000000e-01 -6.85000000e-01 -6.90000000e-01 -6.95000000e-01
 -7.00000000e-01 -7.05000000e-01 -7.10000000e-01 -7.15000000e-01
 -7.20000000e-01 -7.25000000e-01 -7.30000000e-01 -7.35000000e-01
 -7.40000000e-01 -7.45000000e-01 -7.50000000e-01 -7.55000000e-01
 -7.60000000e-01 -7.65000000e-01 -7.70000000e-01 -7.75000000e-01
 -7.80000000e-01 -7.85000000e-01 -7.90000000e-01 -7.95000000e-01
 -8.00000000e-01 -8.05000000e-01 -8.10000000e-01 -8.15000000e-01
 -8.20000000e-01 -8.25000000e-01 -8.30000000e-01 -8.35000000e-01
 -8.40000000e-01 -8.45000000e-01 -8.50000000e-01 -8.55000000e-01
 -8.60000000e-01 -8.65000000e-01 -8.70000000e-01 -8.75000000e-01
 -8.80000000e-01 -8.85000000e-01 -8.90000000e-01 -8.95000000e-01
 -9.00000000e-01 -9.05000000e-01 -9.10000000e-01 -9.15000000e-01
 -9.20000000e-01 -9.25000000e-01 -9.30000000e-01 -9.35000000e-01
 -9.40000000e-01 -9.45000000e-01 -9.50000000e-01 -9.55000000e-01
 -9.60000000e-01 -9.65000000e-01 -9.70000000e-01 -9.75000000e-01
 -9.80000000e-01 -9.85000000e-01 -9.90000000e-01 -9.95000000e-01
 -1.00000000e+00]