[ 3.13480e-09  2.82720e-09  2.80450e-09  2.72160e-09  2.53720e-09
  2.39250e-09  2.28060e-09  2.24270e-09  2.12610e-09  2.07210e-09
  2.01040e-09  1.96330e-09  1.83830e-09  1.80300e-09  1.66750e-09
  1.69930e-09  1.58750e-09  1.49140e-09  1.43340e-09  1.38830e-09
  1.31100e-09  1.27470e-09  1.21410e-09  1.16970e-09  1.08280e-09
  1.02630e-09  9.80200e-10  9.59400e-10  8.78000e-10  8.48200e-10
  8.00400e-10  7.73700e-10  7.36500e-10  7.10900e-10  7.01000e-10
  6.45800e-10  6.34500e-10  5.84900e-10  5.93000e-10  5.53800e-10
  5.28100e-10  5.17800e-10  4.66000e-10  4.61100e-10  4.34100e-10
  4.06500e-10  4.06800e-10  3.80200e-10  3.70500e-10  3.62000e-10
  3.41100e-10  3.28500e-10  3.08100e-10  3.08900e-10  3.02900e-10
  2.81400e-10  2.70800e-10  2.63100e-10  2.55600e-10  2.52000e-10
  2.33500e-10  2.27300e-10  2.25400e-10  2.07300e-10  2.02300e-10
  1.97900e-10  2.00500e-10  1.90100e-10  1.93100e-10  1.82000e-10
  1.73400e-10  1.62600e-10  1.60200e-10  1.57400e-10  1.52900e-10
  1.42100e-10  1.45000e-10  1.29700e-10  1.33700e-10  1.27900e-10
  1.21800e-10  1.18400e-10  1.19100e-10  1.14600e-10  1.08200e-10
  9.89000e-11  1.00800e-10  9.73000e-11  9.63000e-11  9.74000e-11
  8.61000e-11  8.15000e-11  7.94000e-11  7.83000e-11  7.60000e-11
  7.55000e-11  6.71000e-11  6.81000e-11  6.71000e-11  6.19000e-11
  5.41000e-11  5.66000e-11  5.41000e-11  5.19000e-11  5.04000e-11
  5.15000e-11  4.44000e-11  3.42000e-11  3.70000e-11  2.83000e-11
  2.75000e-11  2.11000e-11  1.66000e-11  5.50000e-12  7.30000e-12
 -1.16000e-11 -8.90000e-12 -2.81000e-11 -3.34000e-11 -4.19000e-11
 -6.08000e-11 -7.40000e-11 -9.10000e-11 -1.11900e-10 -1.40400e-10
 -1.58900e-10 -1.98300e-10 -2.28000e-10 -2.89900e-10 -3.16400e-10
 -3.97800e-10 -4.39500e-10 -5.45000e-10 -6.14300e-10 -7.25300e-10
 -8.14900e-10 -8.84200e-10 -1.07290e-09 -1.18240e-09 -1.42760e-09
 -1.56440e-09 -1.83930e-09 -2.11800e-09 -2.45240e-09 -2.77460e-09
 -3.24620e-09 -3.60030e-09 -4.26040e-09 -4.61470e-09 -5.47940e-09
 -5.99730e-09 -6.98060e-09 -7.68900e-09 -9.09210e-09 -9.92730e-09
 -1.07404e-08 -1.23911e-08 -1.32678e-08 -1.58440e-08 -1.70900e-08
 -1.97090e-08 -2.15460e-08 -2.48230e-08 -2.65790e-08 -3.06990e-08
 -3.26830e-08 -3.75740e-08 -4.09000e-08 -4.59910e-08 -4.97390e-08
 -5.54250e-08 -5.93050e-08 -6.27110e-08 -7.08920e-08 -7.42280e-08
 -8.32870e-08 -8.81190e-08 -9.89640e-08 -1.04529e-07 -1.15661e-07
 -1.21504e-07 -1.32650e-07 -1.38535e-07 -1.53197e-07 -1.61059e-07
 -1.73906e-07 -1.79935e-07 -1.95836e-07 -2.02816e-07 -2.09030e-07
 -2.26200e-07 -2.36900e-07 -2.52010e-07 -2.61920e-07 -2.77720e-07
 -2.86910e-07 -3.05870e-07 -3.17960e-07 -3.31350e-07 -3.46580e-07
 -3.64780e-07 -3.77760e-07 -3.95300e-07 -3.99860e-07 -4.23560e-07
 -4.41060e-07 -4.47180e-07 -4.66530e-07 -4.80690e-07 -5.02140e-07
 -5.12740e-07 -5.43250e-07 -5.49170e-07 -5.80380e-07 -5.77780e-07
 -6.10400e-07 -6.19470e-07 -6.42390e-07 -6.54220e-07 -6.88810e-07
 -6.98390e-07 -7.25940e-07 -7.27020e-07 -7.63680e-07 -7.76580e-07
 -7.83780e-07 -8.17940e-07 -8.24450e-07 -8.69550e-07 -8.69360e-07
 -9.12260e-07 -9.12960e-07 -9.43510e-07 -9.57350e-07 -9.84250e-07
 -9.98630e-07 -1.03095e-06 -1.04130e-06 -1.07606e-06 -1.08902e-06
 -1.11944e-06][ 2.00000000e-01  1.95000000e-01  1.90000000e-01  1.85000000e-01
  1.80000000e-01  1.75000000e-01  1.70000000e-01  1.65000000e-01
  1.60000000e-01  1.55000000e-01  1.50000000e-01  1.45000000e-01
  1.40000000e-01  1.35000000e-01  1.30000000e-01  1.25000000e-01
  1.20000000e-01  1.15000000e-01  1.10000000e-01  1.05000000e-01
  1.00000000e-01  9.50000000e-02  9.00000000e-02  8.50000000e-02
  8.00000000e-02  7.50000000e-02  7.00000000e-02  6.50000000e-02
  6.00000000e-02  5.50000000e-02  5.00000000e-02  4.50000000e-02
  4.00000000e-02  3.50000000e-02  3.00000000e-02  2.50000000e-02
  2.00000000e-02  1.50000000e-02  1.00000000e-02  5.00000000e-03
 -1.66533454e-16 -5.00000000e-03 -1.00000000e-02 -1.50000000e-02
 -2.00000000e-02 -2.50000000e-02 -3.00000000e-02 -3.50000000e-02
 -4.00000000e-02 -4.50000000e-02 -5.00000000e-02 -5.50000000e-02
 -6.00000000e-02 -6.50000000e-02 -7.00000000e-02 -7.50000000e-02
 -8.00000000e-02 -8.50000000e-02 -9.00000000e-02 -9.50000000e-02
 -1.00000000e-01 -1.05000000e-01 -1.10000000e-01 -1.15000000e-01
 -1.20000000e-01 -1.25000000e-01 -1.30000000e-01 -1.35000000e-01
 -1.40000000e-01 -1.45000000e-01 -1.50000000e-01 -1.55000000e-01
 -1.60000000e-01 -1.65000000e-01 -1.70000000e-01 -1.75000000e-01
 -1.80000000e-01 -1.85000000e-01 -1.90000000e-01 -1.95000000e-01
 -2.00000000e-01 -2.05000000e-01 -2.10000000e-01 -2.15000000e-01
 -2.20000000e-01 -2.25000000e-01 -2.30000000e-01 -2.35000000e-01
 -2.40000000e-01 -2.45000000e-01 -2.50000000e-01 -2.55000000e-01
 -2.60000000e-01 -2.65000000e-01 -2.70000000e-01 -2.75000000e-01
 -2.80000000e-01 -2.85000000e-01 -2.90000000e-01 -2.95000000e-01
 -3.00000000e-01 -3.05000000e-01 -3.10000000e-01 -3.15000000e-01
 -3.20000000e-01 -3.25000000e-01 -3.30000000e-01 -3.35000000e-01
 -3.40000000e-01 -3.45000000e-01 -3.50000000e-01 -3.55000000e-01
 -3.60000000e-01 -3.65000000e-01 -3.70000000e-01 -3.75000000e-01
 -3.80000000e-01 -3.85000000e-01 -3.90000000e-01 -3.95000000e-01
 -4.00000000e-01 -4.05000000e-01 -4.10000000e-01 -4.15000000e-01
 -4.20000000e-01 -4.25000000e-01 -4.30000000e-01 -4.35000000e-01
 -4.40000000e-01 -4.45000000e-01 -4.50000000e-01 -4.55000000e-01
 -4.60000000e-01 -4.65000000e-01 -4.70000000e-01 -4.75000000e-01
 -4.80000000e-01 -4.85000000e-01 -4.90000000e-01 -4.95000000e-01
 -5.00000000e-01 -5.05000000e-01 -5.10000000e-01 -5.15000000e-01
 -5.20000000e-01 -5.25000000e-01 -5.30000000e-01 -5.35000000e-01
 -5.40000000e-01 -5.45000000e-01 -5.50000000e-01 -5.55000000e-01
 -5.60000000e-01 -5.65000000e-01 -5.70000000e-01 -5.75000000e-01
 -5.80000000e-01 -5.85000000e-01 -5.90000000e-01 -5.95000000e-01
 -6.00000000e-01 -6.05000000e-01 -6.10000000e-01 -6.15000000e-01
 -6.20000000e-01 -6.25000000e-01 -6.30000000e-01 -6.35000000e-01
 -6.40000000e-01 -6.45000000e-01 -6.50000000e-01 -6.55000000e-01
 -6.60000000e-01 -6.65000000e-01 -6.70000000e-01 -6.75000000e-01
 -6.80000000e-01 -6.85000000e-01 -6.90000000e-01 -6.95000000e-01
 -7.00000000e-01 -7.05000000e-01 -7.10000000e-01 -7.15000000e-01
 -7.20000000e-01 -7.25000000e-01 -7.30000000e-01 -7.35000000e-01
 -7.40000000e-01 -7.45000000e-01 -7.50000000e-01 -7.55000000e-01
 -7.60000000e-01 -7.65000000e-01 -7.70000000e-01 -7.75000000e-01
 -7.80000000e-01 -7.85000000e-01 -7.90000000e-01 -7.95000000e-01
 -8.00000000e-01 -8.05000000e-01 -8.10000000e-01 -8.15000000e-01
 -8.20000000e-01 -8.25000000e-01 -8.30000000e-01 -8.35000000e-01
 -8.40000000e-01 -8.45000000e-01 -8.50000000e-01 -8.55000000e-01
 -8.60000000e-01 -8.65000000e-01 -8.70000000e-01 -8.75000000e-01
 -8.80000000e-01 -8.85000000e-01 -8.90000000e-01 -8.95000000e-01
 -9.00000000e-01 -9.05000000e-01 -9.10000000e-01 -9.15000000e-01
 -9.20000000e-01 -9.25000000e-01 -9.30000000e-01 -9.35000000e-01
 -9.40000000e-01 -9.45000000e-01 -9.50000000e-01 -9.55000000e-01
 -9.60000000e-01 -9.65000000e-01 -9.70000000e-01 -9.75000000e-01
 -9.80000000e-01 -9.85000000e-01 -9.90000000e-01 -9.95000000e-01
 -1.00000000e+00]