[ 1.72180e-08  1.57460e-08  1.55220e-08  1.46140e-08  1.47870e-08
  1.40350e-08  1.35448e-08  1.26763e-08  1.26639e-08  1.20467e-08
  1.16345e-08  1.10877e-08  1.11523e-08  1.11670e-08  9.96150e-09
  9.80410e-09  8.94950e-09  8.83650e-09  8.44520e-09  8.22340e-09
  7.78360e-09  7.54780e-09  6.98020e-09  6.86460e-09  6.57070e-09
  6.28820e-09  5.78680e-09  5.75090e-09  5.43360e-09  5.31590e-09
  5.06490e-09  4.74420e-09  4.65790e-09  4.31440e-09  4.17540e-09
  4.02970e-09  3.95720e-09  3.82140e-09  3.54980e-09  3.45360e-09
  3.30740e-09  3.32420e-09  3.01080e-09  2.80750e-09  2.81760e-09
  2.62440e-09  2.49170e-09  2.33720e-09  2.27640e-09  2.28420e-09
  2.05980e-09  2.08000e-09  1.89610e-09  1.80800e-09  1.77240e-09
  1.72460e-09  1.62240e-09  1.63070e-09  1.57200e-09  1.51100e-09
  1.46320e-09  1.35180e-09  1.37990e-09  1.35610e-09  1.20180e-09
  1.20970e-09  1.19800e-09  1.13150e-09  1.13770e-09  1.09170e-09
  1.09270e-09  9.58000e-10  9.75100e-10  9.25500e-10  8.64500e-10
  8.09100e-10  7.89900e-10  7.81000e-10  7.71300e-10  6.80600e-10
  7.11000e-10  6.92000e-10  6.76000e-10  6.62500e-10  6.21400e-10
  5.99200e-10  5.66400e-10  5.18300e-10  5.51400e-10  5.14800e-10
  4.88800e-10  4.77800e-10  4.66100e-10  4.68100e-10  4.02100e-10
  4.10300e-10  4.19100e-10  3.86800e-10  3.51600e-10  3.66300e-10
  3.64500e-10  3.01200e-10  3.18600e-10  3.12700e-10  2.93700e-10
  2.51400e-10  2.79400e-10  2.62200e-10  2.26800e-10  2.12900e-10
  2.05700e-10  2.03500e-10  1.70200e-10  1.60300e-10  1.61400e-10
  1.42200e-10  1.15500e-10  1.05200e-10  1.14000e-10  9.27000e-11
  5.53000e-11  4.19000e-11  2.87000e-11  9.80000e-12 -4.85000e-11
 -4.87000e-11 -7.67000e-11 -1.32200e-10 -1.86200e-10 -1.90500e-10
 -2.72300e-10 -3.32800e-10 -4.01100e-10 -4.50500e-10 -5.91300e-10
 -6.61700e-10 -7.16600e-10 -8.95300e-10 -9.99800e-10 -1.21010e-09
 -1.27710e-09 -1.59130e-09 -1.76740e-09 -2.15640e-09 -2.24400e-09
 -2.77060e-09 -2.99410e-09 -3.60070e-09 -3.78380e-09 -4.65220e-09
 -5.04020e-09 -5.82280e-09 -6.19460e-09 -7.46850e-09 -8.10890e-09
 -8.70340e-09 -1.00335e-08 -1.10924e-08 -1.25805e-08 -1.34999e-08
 -1.58040e-08 -1.73800e-08 -1.97190e-08 -2.11080e-08 -2.43260e-08
 -2.63910e-08 -3.08040e-08 -3.20820e-08 -3.65390e-08 -3.95650e-08
 -4.49430e-08 -4.65500e-08 -4.95300e-08 -5.79910e-08 -5.89510e-08
 -6.66890e-08 -7.09540e-08 -7.86890e-08 -8.32370e-08 -9.20720e-08
 -9.79850e-08 -1.07370e-07 -1.12897e-07 -1.23138e-07 -1.27714e-07
 -1.40288e-07 -1.44378e-07 -1.62912e-07 -1.67676e-07 -1.75103e-07
 -1.88745e-07 -1.93004e-07 -2.10770e-07 -2.15710e-07 -2.33080e-07
 -2.44640e-07 -2.60600e-07 -2.72410e-07 -2.89730e-07 -2.94100e-07
 -3.16860e-07 -3.26590e-07 -3.47840e-07 -3.54900e-07 -3.80000e-07
 -3.87720e-07 -3.97090e-07 -4.16080e-07 -4.28220e-07 -4.52360e-07
 -4.62750e-07 -4.84380e-07 -4.89730e-07 -5.22950e-07 -5.26230e-07
 -5.61730e-07 -5.65080e-07 -5.96550e-07 -6.09500e-07 -6.40160e-07
 -6.45550e-07 -6.76570e-07 -6.88800e-07 -7.16680e-07 -7.33460e-07
 -7.35380e-07 -7.75080e-07 -7.77320e-07 -8.14850e-07 -8.31640e-07
 -8.62090e-07 -8.85630e-07 -9.06570e-07 -9.27550e-07 -9.66750e-07
 -9.71600e-07 -1.00995e-06 -1.01579e-06 -1.06138e-06 -1.08145e-06
 -1.11563e-06][ 2.00000000e-01  1.95000000e-01  1.90000000e-01  1.85000000e-01
  1.80000000e-01  1.75000000e-01  1.70000000e-01  1.65000000e-01
  1.60000000e-01  1.55000000e-01  1.50000000e-01  1.45000000e-01
  1.40000000e-01  1.35000000e-01  1.30000000e-01  1.25000000e-01
  1.20000000e-01  1.15000000e-01  1.10000000e-01  1.05000000e-01
  1.00000000e-01  9.50000000e-02  9.00000000e-02  8.50000000e-02
  8.00000000e-02  7.50000000e-02  7.00000000e-02  6.50000000e-02
  6.00000000e-02  5.50000000e-02  5.00000000e-02  4.50000000e-02
  4.00000000e-02  3.50000000e-02  3.00000000e-02  2.50000000e-02
  2.00000000e-02  1.50000000e-02  1.00000000e-02  5.00000000e-03
 -1.66533454e-16 -5.00000000e-03 -1.00000000e-02 -1.50000000e-02
 -2.00000000e-02 -2.50000000e-02 -3.00000000e-02 -3.50000000e-02
 -4.00000000e-02 -4.50000000e-02 -5.00000000e-02 -5.50000000e-02
 -6.00000000e-02 -6.50000000e-02 -7.00000000e-02 -7.50000000e-02
 -8.00000000e-02 -8.50000000e-02 -9.00000000e-02 -9.50000000e-02
 -1.00000000e-01 -1.05000000e-01 -1.10000000e-01 -1.15000000e-01
 -1.20000000e-01 -1.25000000e-01 -1.30000000e-01 -1.35000000e-01
 -1.40000000e-01 -1.45000000e-01 -1.50000000e-01 -1.55000000e-01
 -1.60000000e-01 -1.65000000e-01 -1.70000000e-01 -1.75000000e-01
 -1.80000000e-01 -1.85000000e-01 -1.90000000e-01 -1.95000000e-01
 -2.00000000e-01 -2.05000000e-01 -2.10000000e-01 -2.15000000e-01
 -2.20000000e-01 -2.25000000e-01 -2.30000000e-01 -2.35000000e-01
 -2.40000000e-01 -2.45000000e-01 -2.50000000e-01 -2.55000000e-01
 -2.60000000e-01 -2.65000000e-01 -2.70000000e-01 -2.75000000e-01
 -2.80000000e-01 -2.85000000e-01 -2.90000000e-01 -2.95000000e-01
 -3.00000000e-01 -3.05000000e-01 -3.10000000e-01 -3.15000000e-01
 -3.20000000e-01 -3.25000000e-01 -3.30000000e-01 -3.35000000e-01
 -3.40000000e-01 -3.45000000e-01 -3.50000000e-01 -3.55000000e-01
 -3.60000000e-01 -3.65000000e-01 -3.70000000e-01 -3.75000000e-01
 -3.80000000e-01 -3.85000000e-01 -3.90000000e-01 -3.95000000e-01
 -4.00000000e-01 -4.05000000e-01 -4.10000000e-01 -4.15000000e-01
 -4.20000000e-01 -4.25000000e-01 -4.30000000e-01 -4.35000000e-01
 -4.40000000e-01 -4.45000000e-01 -4.50000000e-01 -4.55000000e-01
 -4.60000000e-01 -4.65000000e-01 -4.70000000e-01 -4.75000000e-01
 -4.80000000e-01 -4.85000000e-01 -4.90000000e-01 -4.95000000e-01
 -5.00000000e-01 -5.05000000e-01 -5.10000000e-01 -5.15000000e-01
 -5.20000000e-01 -5.25000000e-01 -5.30000000e-01 -5.35000000e-01
 -5.40000000e-01 -5.45000000e-01 -5.50000000e-01 -5.55000000e-01
 -5.60000000e-01 -5.65000000e-01 -5.70000000e-01 -5.75000000e-01
 -5.80000000e-01 -5.85000000e-01 -5.90000000e-01 -5.95000000e-01
 -6.00000000e-01 -6.05000000e-01 -6.10000000e-01 -6.15000000e-01
 -6.20000000e-01 -6.25000000e-01 -6.30000000e-01 -6.35000000e-01
 -6.40000000e-01 -6.45000000e-01 -6.50000000e-01 -6.55000000e-01
 -6.60000000e-01 -6.65000000e-01 -6.70000000e-01 -6.75000000e-01
 -6.80000000e-01 -6.85000000e-01 -6.90000000e-01 -6.95000000e-01
 -7.00000000e-01 -7.05000000e-01 -7.10000000e-01 -7.15000000e-01
 -7.20000000e-01 -7.25000000e-01 -7.30000000e-01 -7.35000000e-01
 -7.40000000e-01 -7.45000000e-01 -7.50000000e-01 -7.55000000e-01
 -7.60000000e-01 -7.65000000e-01 -7.70000000e-01 -7.75000000e-01
 -7.80000000e-01 -7.85000000e-01 -7.90000000e-01 -7.95000000e-01
 -8.00000000e-01 -8.05000000e-01 -8.10000000e-01 -8.15000000e-01
 -8.20000000e-01 -8.25000000e-01 -8.30000000e-01 -8.35000000e-01
 -8.40000000e-01 -8.45000000e-01 -8.50000000e-01 -8.55000000e-01
 -8.60000000e-01 -8.65000000e-01 -8.70000000e-01 -8.75000000e-01
 -8.80000000e-01 -8.85000000e-01 -8.90000000e-01 -8.95000000e-01
 -9.00000000e-01 -9.05000000e-01 -9.10000000e-01 -9.15000000e-01
 -9.20000000e-01 -9.25000000e-01 -9.30000000e-01 -9.35000000e-01
 -9.40000000e-01 -9.45000000e-01 -9.50000000e-01 -9.55000000e-01
 -9.60000000e-01 -9.65000000e-01 -9.70000000e-01 -9.75000000e-01
 -9.80000000e-01 -9.85000000e-01 -9.90000000e-01 -9.95000000e-01
 -1.00000000e+00]