[-2.305000e-10 -1.367000e-10 -1.088000e-10 -5.260000e-11 -4.070000e-11
 -3.710000e-11 -6.920000e-11 -1.836000e-10 -6.646000e-10 -2.566400e-09
 -8.551300e-09 -2.394350e-08 -6.648110e-08 -1.238313e-07 -2.035389e-07
 -2.745110e-07 -3.931680e-07 -5.566080e-07 -7.905460e-07 -1.034261e-06
 -1.367094e-06 -1.732985e-06 -2.239910e-06 -2.684040e-06 -3.174320e-06
 -3.810260e-06 -4.620440e-06 -5.439430e-06 -6.600230e-06 -8.040110e-06
 -9.822520e-06 -1.170875e-05 -1.380071e-05 -1.624739e-05 -1.858114e-05
 -2.230900e-05 -2.482540e-05 -2.738870e-05 -3.050330e-05 -3.290500e-05
 -3.593340e-05 -3.840210e-05 -4.040420e-05 -4.575070e-05 -4.880110e-05][ 1.20000000e+00  1.15000000e+00  1.10000000e+00  1.05000000e+00
  1.00000000e+00  9.50000000e-01  9.00000000e-01  8.50000000e-01
  8.00000000e-01  7.50000000e-01  7.00000000e-01  6.50000000e-01
  6.00000000e-01  5.50000000e-01  5.00000000e-01  4.50000000e-01
  4.00000000e-01  3.50000000e-01  3.00000000e-01  2.50000000e-01
  2.00000000e-01  1.50000000e-01  1.00000000e-01  5.00000000e-02
 -1.11022302e-15 -5.00000000e-02 -1.00000000e-01 -1.50000000e-01
 -2.00000000e-01 -2.50000000e-01 -3.00000000e-01 -3.50000000e-01
 -4.00000000e-01 -4.50000000e-01 -5.00000000e-01 -5.50000000e-01
 -6.00000000e-01 -6.50000000e-01 -7.00000000e-01 -7.50000000e-01
 -8.00000000e-01 -8.50000000e-01 -9.00000000e-01 -9.50000000e-01
 -1.00000000e+00]