[ 6.47105e-08  5.57945e-08  4.49784e-08  3.98538e-08  3.22416e-08
  2.60632e-08  2.16105e-08  1.70397e-08  1.21391e-08  9.00570e-09
  6.22900e-09  4.28670e-09  2.64030e-09  1.70270e-09  1.04370e-09
  6.42500e-10  5.78300e-10  3.13900e-10  2.00000e-10  1.65500e-10
  1.21500e-10  9.02000e-11  5.52000e-11  3.63000e-11  4.99000e-11
 -3.80000e-12 -1.10000e-11 -1.13000e-11 -1.47000e-11 -1.90000e-11
 -2.58000e-11 -2.95000e-11 -3.57000e-11 -4.32000e-11 -1.52000e-10
 -6.78000e-11 -8.56000e-11 -1.06600e-10 -1.73600e-10 -1.95000e-10
 -2.58100e-10][ 1.0000000e+00  9.5000000e-01  9.0000000e-01  8.5000000e-01
  8.0000000e-01  7.5000000e-01  7.0000000e-01  6.5000000e-01
  6.0000000e-01  5.5000000e-01  5.0000000e-01  4.5000000e-01
  4.0000000e-01  3.5000000e-01  3.0000000e-01  2.5000000e-01
  2.0000000e-01  1.5000000e-01  1.0000000e-01  5.0000000e-02
 -8.8817842e-16 -5.0000000e-02 -1.0000000e-01 -1.5000000e-01
 -2.0000000e-01 -2.5000000e-01 -3.0000000e-01 -3.5000000e-01
 -4.0000000e-01 -4.5000000e-01 -5.0000000e-01 -5.5000000e-01
 -6.0000000e-01 -6.5000000e-01 -7.0000000e-01 -7.5000000e-01
 -8.0000000e-01 -8.5000000e-01 -9.0000000e-01 -9.5000000e-01
 -1.0000000e+00]