[-2.35900e-10 -1.99600e-10 -1.20200e-09 -1.38717e-09 -1.72763e-09
 -1.91816e-09 -2.28833e-09 -2.75397e-09 -2.98898e-09 -3.36644e-09
 -3.56264e-09 -4.00186e-09 -4.19293e-09 -4.58199e-09 -5.26445e-09
 -5.62469e-09 -5.44280e-09 -6.13373e-09 -5.97979e-09 -6.27930e-09
 -7.42009e-09 -7.25442e-09 -7.64247e-09 -8.09642e-09 -8.24753e-09
 -8.26570e-09 -8.23113e-09 -8.02249e-09 -7.41213e-09 -6.73031e-09
 -6.89803e-09 -6.35028e-09 -6.67931e-09 -6.58855e-09 -6.13196e-09
 -6.59356e-09 -6.64425e-09 -6.71796e-09 -6.86159e-09 -6.46481e-09
 -6.82726e-09 -7.02902e-09 -6.87302e-09 -6.92094e-09 -6.83536e-09][ 1.20000000e+00  1.15000000e+00  1.10000000e+00  1.05000000e+00
  1.00000000e+00  9.50000000e-01  9.00000000e-01  8.50000000e-01
  8.00000000e-01  7.50000000e-01  7.00000000e-01  6.50000000e-01
  6.00000000e-01  5.50000000e-01  5.00000000e-01  4.50000000e-01
  4.00000000e-01  3.50000000e-01  3.00000000e-01  2.50000000e-01
  2.00000000e-01  1.50000000e-01  1.00000000e-01  5.00000000e-02
 -1.11022302e-15 -5.00000000e-02 -1.00000000e-01 -1.50000000e-01
 -2.00000000e-01 -2.50000000e-01 -3.00000000e-01 -3.50000000e-01
 -4.00000000e-01 -4.50000000e-01 -5.00000000e-01 -5.50000000e-01
 -6.00000000e-01 -6.50000000e-01 -7.00000000e-01 -7.50000000e-01
 -8.00000000e-01 -8.50000000e-01 -9.00000000e-01 -9.50000000e-01
 -1.00000000e+00]